-2.942319667707281816e+00,-4.516039429932303229e+00
-3.781664663695494255e+00,6.106290628409052346e-01
1.568653828594834820e+00,1.179565711148910623e+00
-4.411458249694204525e+00,-4.716100309587417883e+00
3.233850522006642692e+00,1.775621599428147235e+00
-1.324809640679154299e+00,-2.457380677622903242e+00
4.410721773502984888e+00,1.663551827873100741e+00
3.767251265080478362e+00,-3.342570440420971067e+00
1.997660171066818258e+00,2.120446563936627449e+00
-4.395606899943160784e-02,3.601524463115479691e+00
-1.352085271301102232e+00,4.225666968570539694e+00
7.311532248335463890e-01,-1.272329382682588772e-01
1.031526601406984156e+00,3.279243737019072569e+00
4.778238165358125400e+00,4.654134591228578088e+00
-1.778114283546849972e+00,-3.890031553720237678e+00
-2.389843712702348633e+00,7.484345210579759211e-01
-3.114182013618124856e+00,-2.131945531482350553e+00
-8.265327477343991092e-01,-5.330239919631214462e-01
-4.802158571414116395e+00,2.982146485422973115e+00
-5.359373592229559335e-01,2.412971187436387943e+00
4.028073846207790965e+00,3.160488519442861133e-01
2.661644910076726767e+00,4.802441597037038434e+00
-3.658852233899161810e+00,3.742326889953154989e+00
3.650332131227346011e+00,-1.421448480387724089e+00
5.310612677316131069e-01,-1.940017526257982627e+00
-2.128750460361110264e+00,-1.181451706522901990e+00
1.809536776966327309e-01,-3.099205028966700581e+00
-4.147299926416903482e+00,-2.907512507656865086e+00
2.264870678269780058e+00,-7.394565237389176815e-01
2.961414992364160170e+00,-4.132673439445299302e+00
1.253766844844027339e+00,-1.812837337679451988e+00
-3.498114832343898861e+00,5.000000000000000000e+00
-2.208710483947802672e+00,2.471501233247190399e+00
-2.230682040137113908e+00,2.476206385950333377e+00
-5.000000000000000000e+00,5.000000000000000000e+00
-2.121548261276904324e+00,2.343445979141209889e+00
-5.368453371966639409e-01,4.132247970156086581e-01
-2.551217154172263246e+00,2.910880889123720117e+00
-2.575433745819803999e+00,2.916588213222658155e+00
-2.537666324340217550e+00,2.896824718149861866e+00
5.000000000000000000e+00,-5.000000000000000000e+00
1.768640075767842212e+00,-2.658070968969694636e+00
1.769357368783732731e+00,-2.653104622065370677e+00
5.770212251639685874e-01,-8.225533314900888016e-01
1.999622853805308687e+00,-5.000000000000000000e+00
-1.610931428679972299e+00,1.708916004516893850e+00
-2.227152642569939722e+00,5.000000000000000000e+00
-2.999153383671245177e+00,2.859616126908838041e+00
-1.030994992603113669e+00,1.093306717064503886e+00
-6.924041892199941373e-01,7.728105116647618900e-01
-1.766629299076747817e+00,1.990017428154898127e+00
-1.695201351479127538e+00,1.943927977656736417e+00
-1.705480754930146503e+00,1.936111699218549198e+00
-1.828342263771384868e+00,1.991388888692129377e+00
-1.747663008431765252e+00,1.985082487035158216e+00
-1.774810819007460072e+00,2.168008321368853686e+00
-1.777006730003860113e+00,2.210675509343827727e+00
-2.007498758558146523e+00,2.396278131886059093e+00
-1.968967936077822944e+00,2.391577126034984957e+00
-2.040168408542981204e+00,2.351201448833027285e+00
-1.840255694844746159e+00,2.129874111532369163e+00
-2.000675463236488039e+00,2.399914364375597131e+00
-2.046851533511016452e+00,2.398369813759144265e+00
-2.015718731051316492e+00,2.430515860879841838e+00
-2.127112684150414434e+00,2.487663038116069814e+00
-2.081155800983470083e+00,2.489473558951682541e+00
-2.119541348453029439e+00,2.363477166809436980e+00
-2.049815724739891376e+00,2.394887353892319659e+00
-1.814863520169484712e+00,2.172157319084568883e+00
1.146565380425638381e+00,-1.249375328897067039e+00
-2.128579856350803379e+00,2.489942645581688652e+00
-2.173201635091938755e+00,2.555614476928827372e+00
-2.141974477479525074e+00,2.608656489005739765e+00
-2.127781376433069305e+00,2.462227416562347670e+00
-2.087572208830887455e+00,2.581890074005890767e+00
-2.231190110740007171e+00,2.548415872418090089e+00
-2.182737213385041564e+00,2.684602296600716365e+00
-2.246597519802319809e+00,2.683575231905232172e+00
-2.310863675887057767e+00,2.788588521972331868e+00
-2.243898167978108482e+00,2.830129195662641095e+00
-2.380599810288470231e+00,2.905925356883548361e+00
-2.324780019533853714e+00,2.914449624945993023e+00
-2.518717713573292549e+00,2.999121122656093874e+00
-2.635371118348685648e+00,3.114038023741837691e+00
-2.544390340475052970e+00,3.184642268627538186e+00
-2.674927151013084980e+00,3.289167189173502592e+00
-2.719963424070602098e+00,3.281285944160382329e+00
-2.592238001045332307e+00,3.264315179751154261e+00
-2.671846301471656027e+00,3.240512391688913141e+00
-2.733146583480729586e+00,3.325076861183616117e+00
-2.662270510039637550e+00,3.276307860240908809e+00
-2.592169007423101412e+00,3.305835620854095325e+00
-2.565663177269154716e+00,3.143923437549760891e+00
-2.609547570130770655e+00,3.073081339863772854e+00
-2.644363357880956222e+00,3.129026091567730816e+00
-2.515451330868341717e+00,2.948626802876824549e+00
-2.431938229130480966e+00,3.051490885847886858e+00
-2.619997033715129486e+00,3.099127398241890319e+00
-2.501429661805373961e+00,3.056138629795556838e+00
-2.568500334151810449e+00,3.190429410243847741e+00
-2.501224626351963742e+00,3.119596164145153949e+00
-2.496009854330642597e+00,3.116642406478597138e+00
-2.359119097481448435e+00,3.046221671809139053e+00
-2.466115879470283545e+00,3.007324909318100481e+00
-2.466981095136456137e+00,3.035846222510356185e+00
-2.365907269276443348e+00,2.958984937063159570e+00
-2.417600559911757152e+00,3.038909789639374637e+00
-2.447698858404508293e+00,3.077722820566442863e+00
-2.436444202984124452e+00,3.082479637515971760e+00
-2.502757631920549564e+00,2.955465189440964480e+00
-2.277586873523508970e+00,3.007889368251596807e+00
-2.386701178635987741e+00,3.070029336977716738e+00
-2.316029953109330464e+00,3.002548424525713244e+00
-2.493085053444410004e+00,3.036695279009020254e+00
-2.476331485937099508e+00,2.947621734294613383e+00
-2.529697111996478842e+00,3.029096226861538455e+00
-2.400526701956067654e+00,3.083046208179474945e+00
-2.458869549018523504e+00,2.899153423396512608e+00
-2.382261696526726702e+00,3.006792932841745980e+00
-2.505103388177496004e+00,3.030096726248771688e+00
-2.320007366385526293e+00,2.937675273273599785e+00
-2.457752715560180157e+00,2.900813944378517917e+00
-2.487142413155928988e+00,3.014615378600577600e+00
-2.456646841582558860e+00,3.003717138215012739e+00
-2.512647134690635831e+00,2.984505762896803027e+00
-2.446141465723262076e+00,2.975875614352970544e+00
-2.533746836598215868e+00,2.982525617744763657e+00
-2.434909226614097477e+00,3.075534596287067046e+00
-2.494100915120124995e+00,3.041745759122143511e+00
-2.451778457191948313e+00,3.008735465971220435e+00
-2.354461752618585813e+00,2.958706378351409150e+00
-2.455122689130079916e+00,2.966051525427507940e+00
-2.507601132329902338e+00,2.905580816424546242e+00
-2.401802947380507369e+00,3.050362594806305339e+00
-2.268496076222372260e+00,2.714577150287778906e+00
-2.367564021651525241e+00,3.018983508985373376e+00
-2.230965769908625607e+00,2.778038827134611033e+00
-2.402325596767278082e+00,2.936949310459061380e+00
-2.393341533994183923e+00,2.940488410105715822e+00
-2.250216996224279509e+00,2.798074291730588747e+00
-2.266788752265882945e+00,2.922841233119449988e+00
-2.205867572075940863e+00,2.843754704090412311e+00
-2.252495755427134760e+00,2.762940920530688516e+00
-2.429719765744247528e+00,2.956491486144610548e+00
-2.418069787998722742e+00,2.799691518466369544e+00
-2.290866716246278578e+00,2.685621145452145697e+00
-2.408587053889677421e+00,2.788356139671131828e+00
-2.385801622434253311e+00,2.747455016346936674e+00
-2.369332096203038862e+00,2.719125420071970112e+00
-2.310239195742691987e+00,2.660688491937462707e+00
-2.390336332241491224e+00,2.732766548802251450e+00
-2.312300935144071090e+00,2.963267024357075563e+00
-2.260653810793746388e+00,2.920061782429138830e+00
-2.363918622751055132e+00,3.044877155006259883e+00
-2.377709704027044957e+00,3.025368154226837802e+00
-2.429942572087137709e+00,3.000307268958335882e+00
-2.197744710955909397e+00,2.769208930100282018e+00
-2.206984830327145986e+00,2.813424921271003853e+00
-2.282387880179103767e+00,2.671599759167992971e+00
-2.213771310852532981e+00,2.751225135174731662e+00
-2.227899670647981001e+00,2.679096177240788634e+00
-2.160711878155329835e+00,2.710793926344882365e+00
-2.214132092237961036e+00,2.799306297758032080e+00
-2.163860590210404222e+00,2.763104213604307802e+00
-2.197753366718163015e+00,2.722387759243126482e+00
-2.274182467588940604e+00,2.727273948274095083e+00
-2.223871546181597658e+00,2.932510199090517133e+00
-2.485146001730797582e+00,2.993662692867705033e+00
-2.289343021710865234e+00,2.947083598186381437e+00
-2.240007909063268077e+00,2.696969619455034994e+00
-2.458408174909758159e+00,2.857399508279845790e+00
-2.375721626798288799e+00,2.986339688290374994e+00
-2.135232940025142856e+00,2.679274350742735677e+00
-2.181031030238396617e+00,2.660649309551839536e+00
-2.113149591799177607e+00,2.625427197792369327e+00
-2.177940938588833308e+00,2.590236052023733748e+00
-2.236753631901582828e+00,2.693515775180227223e+00
-2.374736750734900870e+00,2.732755706833760456e+00
-2.332179025725658494e+00,2.727634274647321888e+00
-2.227809948392029504e+00,2.717170111886072270e+00
-2.288805157953317071e+00,2.684507904038891724e+00
-2.289315167330849388e+00,2.700795459233908069e+00
-2.274570651120852549e+00,2.668047005532096172e+00
-2.342182950711769074e+00,2.735479635709795687e+00
-2.272876654723023471e+00,2.656455039970574639e+00
-2.391339148359339806e+00,2.791604052569450545e+00
-2.434532014571235248e+00,2.895148078245178169e+00
-2.480131930063290024e+00,2.953732496636835236e+00
-2.364486977572563653e+00,2.692405368345842653e+00
-2.347160039863946501e+00,2.714142084902420926e+00
-2.271626040594400653e+00,2.668425433977917649e+00
-2.313374243367691374e+00,2.694715631304793746e+00
-2.238797676667272807e+00,2.651926257113046859e+00
-2.402981913024714977e+00,2.826344281362301203e+00
-2.371237407810025566e+00,2.746150621390460955e+00
-2.254558489741273597e+00,2.674909520623842241e+00
-2.417509943663207928e+00,2.733133098631840951e+00
-2.451594685254328443e+00,2.909804991629471260e+00
-2.460427892764460278e+00,2.780436022336401081e+00
-2.421772410877282677e+00,2.753885083236059295e+00
-2.223511255484474258e+00,2.557938737484692915e+00
-2.328887450622434852e+00,2.674824448690605649e+00
-2.334308266331925452e+00,2.647753484819562075e+00
-2.414578218734355186e+00,2.697895255095339451e+00
-2.256663857283268015e+00,2.712581283168534974e+00
-2.205939751719094399e+00,2.779111986144231494e+00
-2.238861635856105980e+00,2.644984458779017444e+00
-2.192359661170222740e+00,2.780699023147189308e+00
-2.134156152644816729e+00,2.628806476735733533e+00
-2.178217633308214385e+00,2.683642177456549760e+00
-2.212764886611726212e+00,2.778373182662732255e+00
-2.176371995831667849e+00,2.759903386516707968e+00
-2.152852509340750675e+00,2.746502099928788354e+00
-2.193350869590426466e+00,2.643255964935301350e+00
-2.362421164988625755e+00,2.889537273362119407e+00
-2.284540436293727605e+00,2.907339579943148067e+00
-2.158888434381476706e+00,2.769262802317119743e+00
-2.071924329634228901e+00,2.638076314047820503e+00
-2.230331885511327883e+00,2.779007779259288213e+00
-2.195871490127620618e+00,2.706638128644870633e+00
-2.199635230154650234e+00,2.715770047270825494e+00
-2.170866006631782419e+00,2.666595313718800320e+00
-2.167953633191290308e+00,2.710378617267715562e+00
-2.084492975114135671e+00,2.769060588074324869e+00
-2.304487570619706105e+00,2.933940056019174847e+00
-2.168032205747594698e+00,2.642966548564985807e+00
-2.135190315693529683e+00,2.711121441348859129e+00
-2.107882497227094198e+00,2.621999446639794229e+00
-2.206748176636564196e+00,2.875861420561620641e+00
-2.176163891149465623e+00,2.677447747310636395e+00
-2.293910655287906941e+00,2.920553249578440536e+00
-2.332532536692326186e+00,2.924379153983803548e+00
-2.151481755739891977e+00,2.736876984278594271e+00
-2.251712529113974348e+00,2.648821436180447186e+00
-2.312776336118030240e+00,2.948041249401370578e+00
-2.285142173250705344e+00,2.927352093824911350e+00
-2.331650674293645586e+00,3.011139582363744793e+00
-2.370291519571468442e+00,2.985991711946392790e+00
-2.396194586425525852e+00,2.983036017232594261e+00
-2.368629179867995482e+00,3.076614354212146907e+00
-2.359129638680955043e+00,3.046989130470606710e+00
-2.320713151760064985e+00,3.001589297958616953e+00
-2.329611542875066998e+00,3.018875058204924855e+00
-2.378950767573218439e+00,3.008698226239745921e+00
-2.368162122638133749e+00,2.958160645810707479e+00
-2.448002339031695840e+00,2.924165702441701598e+00
-2.363613807375471332e+00,2.975768422265200996e+00
-2.354278203748489506e+00,3.040695367465449550e+00
-2.393533947895671421e+00,2.965459437112652807e+00
-2.207214690917064903e+00,2.806920665009454474e+00
-2.222074181255620395e+00,2.849666629449203015e+00
-2.301210994682334032e+00,2.986813645620434166e+00
-2.105087770957402959e+00,2.611852396648900232e+00
-2.192267429484251906e+00,2.621187104096169840e+00
-2.167993322495808783e+00,2.719636556388266513e+00
-2.227297375964227388e+00,2.627102520386509710e+00
-2.141698349639858279e+00,2.703461985770738707e+00
-2.076047448479114266e+00,2.657790576187643694e+00
-2.118149370470385318e+00,2.714513493428593272e+00
-2.255618771485932594e+00,2.746367150100673449e+00
-2.122469964907020668e+00,2.706269080316791253e+00
-2.254309822325524681e+00,2.786080375411890131e+00
-2.097747028049756324e+00,2.638490285346012598e+00
-1.985290385368422950e+00,2.498655747972332364e+00
-2.046268907526885172e+00,2.434419778829814973e+00
-1.908024468647609329e+00,2.456599234629578632e+00
-2.026892085971479407e+00,2.601100385315310071e+00
-1.907575757653549697e+00,2.469699891681605308e+00
-1.949797087800897888e+00,2.540170014957874756e+00
-1.964586091414350477e+00,2.515609800620866920e+00
-1.921448902195093567e+00,2.475490780090653153e+00
-1.812119379737085367e+00,2.381404195663598067e+00
-1.857455512031529921e+00,2.366765635194268746e+00
-1.845243237168108674e+00,2.406291541900712261e+00
-1.892939460534748708e+00,2.523401670182726875e+00
-1.975886592877380998e+00,2.390694244564874005e+00
-1.893214123825149198e+00,2.370489631450237944e+00
-1.875027881380483930e+00,2.406945188202551655e+00
-1.908046675253318281e+00,2.432563255124601476e+00
-1.843257294327782070e+00,2.504016193769532883e+00
-1.941856731200579222e+00,2.494596275171810262e+00
-1.765279776114945687e+00,2.283086488351829146e+00
-1.895971599142652231e+00,2.404177955099355835e+00
-2.106040734541084092e+00,2.505501020604333995e+00
-2.044761436269797006e+00,2.506690816858641035e+00
-1.990861598652451825e+00,2.487868085953138575e+00
-2.202241693236544506e+00,2.746062427016137342e+00
-1.972024474295353436e+00,2.561244293107214354e+00
-2.243645993645464021e+00,2.794336213718565887e+00
-2.014423226926436605e+00,2.580905319523654207e+00
-2.188713151046939753e+00,2.707912016404311117e+00
-2.229566241899592516e+00,2.724943278186573892e+00
-2.201441736290656426e+00,2.781427671044454542e+00
-2.127092221325444399e+00,2.692743889140567504e+00
-2.210051221225139528e+00,2.753404250642409679e+00
-2.210342525950452330e+00,2.805434777030813009e+00
-2.149365905700266310e+00,2.726568521498581532e+00
-2.181004119419423404e+00,2.754126535776132201e+00
-2.226556960923631756e+00,2.698820715529778980e+00
-2.122596210343263401e+00,2.695887958928336658e+00
3.723890977016949932e+00,3.035800481861464561e+00
3.101888751709299896e+00,-3.796500798892101791e+00
-1.670487193014211780e+00,1.435428960201303283e+00
2.924566532401029484e+00,2.761179966700928468e+00
-4.372245087217633497e+00,4.136195133223388609e+00
1.931603223123135038e-01,-3.647023089080712488e+00
-1.027361093844518791e+00,-4.593855993737721910e+00
-2.483366997161867040e+00,2.362949456771601398e+00
1.400640990090527893e+00,-2.376344160735768263e+00
1.831490293690812621e+00,3.806061444435647090e+00
-4.119836262258241177e+00,-3.293533085963495921e-02
-6.689270076650215557e-01,3.387364433262435526e+00
-3.815623845942833547e+00,8.707206933848565811e-01
3.587503779379925817e-01,-2.044309147476186528e+00
-2.851817410387482710e-01,3.437694015918149049e-01
-6.620205090857158581e-01,-4.689398321007427484e-01
-3.467207460911322592e+00,-1.367913550255809962e+00
2.552937564261634762e+00,4.987715029374042430e+00
8.241728904784970666e-01,2.509318189464444515e-01
2.055373650994050116e+00,-1.765487432956264868e+00
1.109654268176876180e+00,1.108635805998275714e+00
3.561345104825374364e+00,1.867614729043350685e+00
4.283680797680098351e+00,4.370294841209464209e+00
-3.009049140863843341e+00,-3.125718709902239656e+00
4.900949530310574787e+00,-4.949546934390395059e+00
-1.358090106531476771e+00,2.329569561707871550e+00
4.400264793760293003e+00,-1.298541656298283442e+00
-4.870227212803689198e+00,-2.897202522162131810e+00
-2.678448530600849420e+00,-9.816128578728413601e-01
-2.218747255697490761e+00,-4.291595516364749230e+00
-5.000000000000000000e+00,3.404322093739732935e+00
5.000000000000000000e+00,-5.000000000000000000e+00
-5.000000000000000000e+00,5.000000000000000000e+00
-5.000000000000000000e+00,5.000000000000000000e+00
-5.000000000000000000e+00,5.000000000000000000e+00
-5.000000000000000000e+00,2.614612170939835778e+00
2.680916109110742518e+00,-5.000000000000000000e+00
-3.485314952534131372e+00,5.000000000000000000e+00
5.000000000000000000e+00,-3.442503469316413600e+00
-3.590863016393926799e+00,2.760227483510449886e+00
-5.000000000000000000e+00,5.000000000000000000e+00
2.083879676310088414e+00,-3.470391199216802391e-01
2.142824782316827381e+00,-3.455002864218466030e-01
8.617553809305640300e-01,9.716778898200306713e-01
2.614989916388208435e+00,-1.102945598223572521e+00
1.404001550847610247e+00,-5.003257923536894580e-01
1.426718417011282547e+00,-4.667410743329210021e-01
5.000000000000000000e+00,-5.000000000000000000e+00
3.042821512341124190e+00,-1.887676246700374705e+00
3.051956084001099967e+00,-1.732065297523676328e+00
2.175782656373121071e+00,2.460638961918455436e-01
-5.000000000000000000e+00,2.455890316814683061e+00
5.000000000000000000e+00,-5.000000000000000000e+00
2.865208654354184148e+00,-3.774671432348348787e-01
-2.964835184558872072e+00,1.716749253010255494e+00
5.000000000000000000e+00,-5.000000000000000000e+00
-2.462973216569182000e+00,5.000000000000000000e+00
2.440494692409966859e-01,-1.044992120828379889e+00
-5.000000000000000000e+00,5.000000000000000000e+00
-3.610287552501978414e+00,3.375525176255997906e+00
-1.210466580612330922e+00,8.122009907027196718e-01
1.052459416597971043e+00,-1.112579016850442137e+00
9.184715161911150005e-01,1.447302840150443082e+00
1.599799865278836997e+00,-1.685682302456369186e+00
1.667421103616186784e+00,-4.989862202934443047e-01
5.000000000000000000e+00,-5.000000000000000000e+00
1.656583366321213724e+00,-6.883806503502842844e-01
1.820562710311687482e+00,-7.611271380716457813e-01
-3.582088453046897492e+00,5.000000000000000000e+00
-3.526335742664586270e+00,3.124031803199819990e+00
-3.572147241097769488e+00,3.115615875211064534e+00
-3.247833011958153548e+00,3.043259780206021503e+00
-1.181571664323920245e+00,5.000000000000000000e+00
-3.408344242836514493e+00,5.000000000000000000e+00
-3.380382361436269800e+00,5.000000000000000000e+00
-3.495496563201488271e+00,5.000000000000000000e+00
-3.774804370958154909e+00,5.000000000000000000e+00
-4.170198475903003299e+00,5.000000000000000000e+00
-3.971800966096587171e+00,5.000000000000000000e+00
-3.965432337383229644e+00,4.418851966459518721e+00
5.000000000000000000e+00,-5.000000000000000000e+00
5.000000000000000000e+00,-5.000000000000000000e+00
5.000000000000000000e+00,-5.000000000000000000e+00
-4.285996087544496902e+00,4.998958589698371924e+00
-4.375624552757654051e+00,4.980462947160850362e+00
-4.231630619963987705e+00,4.985755427419825025e+00
-4.400062308340758399e+00,4.957610107791163401e+00
-4.120790593921518585e+00,4.965712337003683530e+00
-4.369638434303461771e+00,4.971554503127578073e+00
-3.967580172368531777e+00,4.992480758232284543e+00
-3.954946587031315630e+00,4.966489105637737822e+00
-4.617015499899497222e+00,4.955490197009863707e+00
-4.862828766497377053e+00,4.982749141097347234e+00
-3.543274129531665650e+00,3.221393864995102163e+00
-3.571342895914702886e+00,3.190243070809000159e+00
-4.316181685797046974e+00,4.997138684860587432e+00
-4.469364007705558528e+00,4.924189149862060688e+00
-4.599715299928609724e+00,4.903544492336768812e+00
-3.823242819663263958e+00,4.944894659914174539e+00
-4.571868878577287632e+00,4.935461687813898379e+00
-4.635652766225156540e+00,4.965118414234265032e+00
1.110047322379426937e+00,-6.016705749566124695e-01
1.016104327026684295e+00,-6.855265091088833529e-01
-3.749464606509611109e+00,4.985365793208940133e+00
1.096402405442555406e+00,-7.163720114869063238e-01
1.146535425778939299e+00,-7.573022810663569970e-01
-4.002567846234819982e+00,4.868302864602716440e+00
4.967905617928868978e+00,-4.886139193375070633e+00
4.979173130822282189e+00,-4.866308118420286100e+00
4.921344147884342490e+00,-4.989195201197777152e+00
4.973436698955689295e+00,-4.649792552173414251e+00
4.971556453000944842e+00,-4.977842898367469182e+00
4.981936483144842498e+00,-4.654020080968979123e+00
4.965053443406535649e+00,-4.636624328240879223e+00
4.986143736296119400e+00,-4.673377579379152102e+00
4.877831492298700056e+00,-4.991305179196099395e+00
4.991026338008243357e+00,-4.336921532937422441e+00
4.771113925455409799e+00,-4.994246723370924457e+00
4.801648794704064471e+00,-4.989118020844404811e+00
4.797908946829245735e+00,-4.938334967955075427e+00
4.983664841383495414e+00,-4.309067348021512700e+00
4.992763449543376808e+00,-4.488633536697602899e+00
4.963996387546682598e+00,-4.334332172456651477e+00
4.960081756466109937e+00,-4.329728377686330454e+00
4.979879780141411416e+00,-4.463350810556550918e+00
4.952295504801277559e+00,-4.954448747019274180e+00
4.950249845414697702e+00,-4.962557333412502381e+00
4.892668982675022704e+00,-4.989753723122420936e+00
4.903897805888586703e+00,-4.987396302035104867e+00
4.995919716438173452e+00,-4.852990350606050107e+00
4.962242913143537493e+00,-4.339448243903411218e+00
4.875065486338469256e+00,-4.982730155969385066e+00
4.909849428868888310e+00,-4.298847887410949475e+00
-3.215858336410120089e+00,2.958201821031638090e+00
-3.115336527324057858e+00,2.979816368225890244e+00
-2.978815766546339283e+00,2.976302271292274426e+00
-2.990083387327151954e+00,2.977500734800029747e+00
-3.319740161414791224e+00,3.328291791698509527e+00
-3.277964958192439493e+00,3.312003402329411372e+00
4.978102362789481816e+00,-4.984641409714704707e+00
4.831196522459485720e+00,-4.938971614782222908e+00
-4.754916545425178498e+00,4.956381743423868613e+00
4.998212305048419068e+00,-4.976202832614093019e+00
4.967793572413842895e+00,-4.985286185622945787e+00
4.748694299223842563e+00,-4.986986901318203103e+00
4.771151458576897042e+00,-4.971300399272568171e+00
4.955375613285795566e+00,-4.987446714621103894e+00
4.602653098463784787e+00,-4.989703776686015502e+00
4.564646185925505861e+00,-4.981233685862317628e+00
4.788373529652979244e+00,-4.998911414722983615e+00
4.631931214609998904e+00,-4.928116048522702464e+00
4.893294172726758262e+00,-4.982178815747206890e+00
4.867388209744273553e+00,-4.997244097598533052e+00
4.555022925618994023e+00,-4.961633766637318921e+00
4.631063732208209771e+00,-4.987667124892523063e+00
4.652675616373212364e+00,-4.913867285530707285e+00
4.768168199680220098e+00,-4.992510735131864941e+00
4.666256403872313996e+00,-4.988706399280037118e+00
4.769450130961006451e+00,-4.991957063778365011e+00
4.954587299558927072e+00,-4.986246782776488473e+00
4.953175284501190490e+00,-4.987143963769162802e+00
4.533015512574991135e+00,-4.895988077264139093e+00
4.972432131798981914e+00,-4.949372013838618578e+00
4.847289517479564935e+00,-4.959915334327770431e+00
4.746728123303663338e+00,-4.988233493452169931e+00
4.727197868287650095e+00,-4.963353999374248815e+00
4.985777750351207516e+00,-4.960577604481652081e+00
4.991955915952765110e+00,-4.708026851982083372e+00
4.685655160383753071e+00,-4.982502724956217932e+00
4.995411436149421291e+00,-4.954987995040167625e+00
4.978461139795374635e+00,-4.992990497907570990e+00
4.879357238439961719e+00,-4.998171895137747178e+00
4.869619601119687502e+00,-4.976470542014332032e+00
4.979810558264613718e+00,-4.825584659169176227e+00
4.974414489485631918e+00,-4.931831925406039652e+00
4.990910030576959144e+00,-4.944747571218925053e+00
4.715820070611881576e+00,-4.988641799345017169e+00
4.698351370156917284e+00,-4.894263313092753975e+00
4.979686454026435172e+00,-4.858343919483689710e+00
4.988428497230756875e+00,-4.979544466489445931e+00
4.993052362387562226e+00,-4.929204718116137585e+00
4.789790697675188724e+00,-4.979527742771272081e+00
4.979857164508462830e+00,-4.753377885896278521e+00
4.954554952587134409e+00,-4.990429626189391676e+00
4.541816729535977260e+00,-4.987721917502008218e+00
4.481816690219128319e+00,-4.998623254149221040e+00
4.974202421464520185e+00,-4.986196454177632909e+00
4.714572644729930317e+00,-4.974603343051948734e+00
4.971219351787931728e+00,-4.980392328186855622e+00
4.591175601586471089e+00,-4.954277824887098447e+00
4.605060891854265037e+00,-4.985518060233865789e+00
4.955223733073832904e+00,-4.674119675488703329e+00
4.996841397268006801e+00,-4.642856437601845521e+00
4.655072895527709420e+00,-4.937394391899397661e+00
4.972835184000338415e+00,-4.761863897417648595e+00
4.991611795881411240e+00,-4.987710856257758785e+00
4.981020911584478128e+00,-4.745884855166902838e+00
4.984490724677636209e+00,-4.812805436742864984e+00
4.967497627125222692e+00,-4.990854731011800993e+00
4.974232514833920149e+00,-4.946719757255827687e+00
4.906846119708767162e+00,-4.705882943864637902e+00
4.999386003070116047e+00,-4.582081347891890033e+00
4.940589611572555384e+00,-4.380020401171874411e+00
4.983058015335668500e+00,-4.177253762063654285e+00
4.948810931123400536e+00,-4.606513128685636005e+00
4.924081236469035616e+00,-4.976113664397265879e+00
4.958002060321607729e+00,-4.561733081724474559e+00
4.995334671758737244e+00,-4.456541018324880810e+00
4.994355596264851371e+00,-4.443203521174593718e+00
4.999588511411003466e+00,-4.623075052454331590e+00
4.943471420729308008e+00,-4.994537854421926326e+00
4.993083997150009168e+00,-4.723079717625730645e+00
4.992690273620388197e+00,-4.763870656450786889e+00
4.960003122129950981e+00,-4.570540814591810275e+00
4.928966356905670310e+00,-4.984467044517093548e+00
4.989472464227048931e+00,-4.564723673956453176e+00
4.971130771983995444e+00,-4.975747712291964220e+00
4.959920020709244426e+00,-4.560852218212914089e+00
4.804715172984488802e+00,-4.992922456273695353e+00
4.991182207115752334e+00,-4.539344757329264013e+00
4.944488376767671056e+00,-4.990109897249547899e+00
4.995953719522484349e+00,-4.656062616109633012e+00
4.997767345116132631e+00,-4.527499377386368984e+00
4.992801776334392372e+00,-4.205152997663314629e+00
4.875940893755680960e+00,-4.999368871027351169e+00
4.980508769230986843e+00,-4.909078497719425727e+00
4.952150068163534868e+00,-4.948572958549880774e+00
4.969383914808458869e+00,-4.571270214645997143e+00
4.907610008073511665e+00,-4.979810362605331164e+00
4.848320351461495648e+00,-4.984238204095636782e+00
4.988038269774138556e+00,-4.909254637748425409e+00
4.969925888678016435e+00,-4.562050569466978622e+00
4.961328475031445251e+00,-4.993181590874872455e+00
4.915408288858312602e+00,-4.356650232648063614e+00
4.988955006939759684e+00,-4.953742325051924134e+00
4.993243304272329652e+00,-4.577538349233944537e+00
4.878349357530822772e+00,-4.995010221859606858e+00
4.999579014898801077e+00,-4.569746024663096762e+00
4.803331249798395319e+00,-4.998719667595287852e+00
4.864974451023746482e+00,-4.993154713970908709e+00
4.665527509067517897e+00,-4.995142450941728818e+00
4.994496001755134529e+00,-4.878259562865259191e+00
4.758609425769469325e+00,-4.950720923726562361e+00
4.948237373896365199e+00,-4.978255633174986983e+00
4.971206459673963352e+00,-4.639515515922333577e+00
4.996867348345702453e+00,-4.567226064066728597e+00
4.971901509696779797e+00,-4.986859046774326565e+00
4.707817190871256940e+00,-4.933375630144813506e+00
4.960617813600743276e+00,-4.982792649556794906e+00
-2.481008631043998935e+00,2.751096052922581414e+00
-2.415827627882102924e+00,2.704507833143185991e+00
-2.343173251773660759e+00,2.712610127786123648e+00
-2.398465382688558911e+00,2.680247997986702657e+00
-2.520952494359511409e+00,2.784765361287938390e+00
4.712766303489026143e+00,-4.994297344909460534e+00
4.880855239904033027e+00,-4.966009792490591934e+00
4.963167972200434264e+00,-4.999059903833915186e+00
-2.585007261320587002e+00,2.860566064331290903e+00
-2.603486256446019720e+00,2.972515113849210522e+00
-2.554716493859947146e+00,2.879160857307947907e+00
-2.504468254234732516e+00,2.959541300329112445e+00
-2.513818879718216603e+00,2.846346299858664608e+00
-2.495839600944608883e+00,2.933300518053504113e+00
-2.600479658621112744e+00,3.029515587368893037e+00
-2.486895262258870698e+00,2.883757568398839233e+00
-2.579512700865855379e+00,2.887566388037172693e+00
-2.629645393086719629e+00,2.979871654934735936e+00
-2.710399961108233668e+00,3.124109549350620796e+00
-2.678757835222152384e+00,3.214154802416874901e+00
-2.619370059755527613e+00,3.080051056634617979e+00
-2.590754304334166758e+00,3.044985479713188781e+00
-2.629422696173929097e+00,3.122783460012735546e+00
-2.517139462935178873e+00,3.004558574677034244e+00
-2.658683995599800287e+00,3.195308631745666261e+00
-2.578413754610983766e+00,3.007454860639604988e+00
-2.926132943328689340e+00,3.314018284276890824e+00
-2.819435360767085896e+00,3.311211658613764541e+00
-2.759204872365752070e+00,3.260508038137745146e+00
-2.822366480576308678e+00,3.329173932393221236e+00
-2.768257777188054103e+00,3.314474085594355302e+00
-2.810252175060635071e+00,3.316308324260992535e+00
-2.965342790867891321e+00,3.348531916341265458e+00
-2.686050066682699633e+00,3.099619616014233969e+00
4.858796259015685237e+00,-4.984565529540447848e+00
-2.939988945933526665e+00,3.307143771988643621e+00
4.762884218646396661e+00,-4.970087408292643616e+00
4.713127161697540757e+00,-4.990540764000932050e+00
4.646999072722339363e+00,-4.904831414439831505e+00
-1.387359936485461187e+00,1.779862179489165364e+00
-1.219288149121627640e+00,1.588676089579851514e+00
4.671081636501252632e+00,-4.988670293228470776e+00
-1.773709877351374420e+00,2.068280340683551266e+00
-1.818117992370123392e+00,2.075025961308204714e+00
-1.706257320860953719e+00,1.973783740146055621e+00
-1.653419186831072807e+00,1.984647017439836958e+00
-1.581452846907525522e+00,1.947087387811482273e+00
-1.643272321768374677e+00,2.040901854474026500e+00
-1.648407673345678059e+00,1.920171302492381216e+00
-1.578907041903354180e+00,1.937365536454774606e+00
-1.618884816986703612e+00,1.917485794635375385e+00
1.390388587960856626e+00,4.184497349430216673e+00
3.054598850022587797e+00,1.763110774346592358e+00
-3.760285848045391788e+00,-2.289243223608687039e+00
2.516667070489079450e+00,2.319845249117777897e-01
-4.819102579710071943e+00,-2.982219934776312087e+00
-9.536481303002766197e-01,-1.976665498675681754e+00
-4.000769734931989063e+00,3.690046986555136854e+00
2.954297073755868475e+00,3.170178213102563092e+00
4.706752343024449559e+00,4.580643732238122823e+00
4.203431821926685075e+00,2.565641430768805797e+00
-2.784197262807627027e+00,-1.495197615537060987e+00
-1.460720797829048401e+00,1.471036556193374700e+00
-2.498594232486058608e+00,5.596923332812933083e-01
-9.148397546746345199e-02,1.247256959688987976e+00
2.749713982428048098e-02,2.951889977446558788e+00
-1.327026613823941048e+00,-9.263720224565394901e-01
9.132836203370953143e-01,-3.579723732007016324e-01
6.485325922028106760e-01,-3.881724518433875559e+00
4.552104064104728565e+00,-4.984448939928890709e+00
-3.293007243803888429e+00,-8.893655564454405749e-02
-3.593846365728833980e+00,-3.642955188315013970e+00
-4.644783397781007572e+00,-4.293114950122293827e+00
3.868364803619785519e+00,-1.169610080480789183e+00
1.098254437613057632e+00,2.214774926863256610e+00
-2.258218124244889324e+00,-3.075944462163913595e+00
-4.095510179726673528e-01,-4.573626755038665337e+00
3.556528547526037087e+00,9.006340493031714800e-01
-1.714697691628102483e+00,3.583777575976775154e+00
2.139089263426868115e+00,4.781121054315102370e+00
1.829835469813579252e+00,-2.600695465585940891e+00
5.000000000000000000e+00,-4.631351276326700628e+00
6.021742641551961484e-01,-1.072790636444782120e+00
-3.852886943644791007e+00,5.000000000000000000e+00
-3.343288974560879812e+00,5.000000000000000000e+00
-2.180063997951905641e+00,2.262805026085353610e+00
-2.170758374528793944e+00,2.259158459020964571e+00
-9.150722362238710161e-01,7.070153056859505014e-01
-8.838116297014488865e-01,7.176853439884336439e-01
-1.024060994504450761e+00,9.160865635544181984e-01
-1.269898585685836245e+00,1.248840263966668473e+00
-1.082074446604418760e+00,1.045186232286420491e+00
-1.055056374762658677e+00,8.504056090312275273e-01
-1.030926566608918460e+00,8.449356416531408343e-01
-1.241071846596314643e+00,1.170769253519395647e+00
-1.329572505671979155e+00,1.290562173366193832e+00
-1.437678487742357181e+00,1.409967413550718085e+00
-1.340697283276251373e+00,1.294776311610970509e+00
-1.482402882885988760e+00,1.524695394881784516e+00
-1.363647066363086857e+00,1.388211754947280774e+00
-9.839461309010291146e-01,7.949827057427025778e-01
-8.554216885921377411e-01,6.386260138834556344e-01
-8.567678032831160806e-01,6.881757984273004780e-01
-9.790249205210841410e-01,7.844062166674223846e-01
-1.080815968304067454e+00,9.018072076015526406e-01
-1.430086653489442305e+00,1.463605525992558221e+00
-5.674093328413292170e-01,3.533481621201604028e-01
-2.454600662638251052e-01,7.409312541911106109e-02
-9.165823340277201581e-01,7.981163695781248180e-01
-8.065705883418399225e-01,6.589503739630844237e-01
-8.923138263099534839e-01,6.875740260800693449e-01
-9.378271815354590757e-01,7.774144592991518721e-01
5.000000000000000000e+00,-5.000000000000000000e+00
-1.759051164943818524e+00,1.991029094135767785e+00
-1.572734639569138171e+00,1.664610755004829912e+00
-1.621751977425695657e+00,1.726140984197721551e+00
-7.404431904568813394e-01,6.214358115692988349e-01
-9.280273599123205486e-01,7.320546834542565051e-01
-2.159904012568065301e+00,2.560634405204684327e+00
3.297942281388529295e+00,-3.280028992324103054e+00
-2.055829133582846691e+00,2.496554438418954192e+00
-2.366614419064432706e+00,2.833706530763453912e+00
-1.953967229036334796e+00,2.288698314164504310e+00
-2.021118163748218510e+00,2.559135063326193560e+00
-2.027739414702815601e+00,2.292879201898808006e+00
-2.008739333198504173e+00,2.522237672215333681e+00
-2.159581063473863694e+00,2.764370509398218267e+00
-2.315343246644319564e+00,2.757749639757567373e+00
-2.147803217936998355e+00,2.725457334398429410e+00
-2.368848416622733488e+00,2.899902699005485474e+00
-2.398509836060139122e+00,3.055295059907813027e+00
-2.315488673719747315e+00,2.817334878230827400e+00
-2.316958320957152484e+00,2.864536131209968417e+00
-2.267683822375227809e+00,2.774622392487114730e+00
-2.362650989025123938e+00,2.919931977207403051e+00
-1.950748976448409167e+00,2.512288128749952776e+00
-1.955465447654917810e+00,2.288810399907149851e+00
-1.958361119969848740e+00,2.474757988953905752e+00
-1.905134616578674667e+00,2.228686406973676704e+00
-1.769406200725287093e+00,2.008286122633281323e+00
-1.819965161574102375e+00,2.233917389664727970e+00
-1.747980601238340981e+00,1.996975069460212637e+00
-1.823174264495855290e+00,2.032348903652398064e+00
-1.764435895012233413e+00,2.044148990593070536e+00
-1.341629202065206972e+00,1.567760029113413722e+00
-1.740182027479007409e+00,1.949815180401852643e+00
-1.752746533557836717e+00,2.002164687462212100e+00
-9.484335378826713736e-01,9.711280278363645380e-01
-2.072103843167338422e+00,2.427627516706094113e+00
-1.248586920983615123e+00,1.308123469030627817e+00
-1.370636867017727578e+00,1.471201659239833148e+00
-1.225392941500019539e+00,1.275037662982776432e+00
-1.029235718506822383e+00,1.035316498265723695e+00
-8.942347036862088316e-01,8.389023208329664527e-01
-7.823616924433132169e-01,7.043406935923357537e-01
-1.584109423605806644e+00,1.811631918537703001e+00
-1.077275788459222117e+00,1.128488766674897725e+00
-1.893719333170500896e+00,2.206940567814841714e+00
-2.124196860573230428e+00,2.452386146009216006e+00
-7.657140359572158772e-01,6.532203001271881249e-01
-7.920733482773476553e-01,7.140942754039887319e-01
-5.898312722475962389e-01,4.164553851258903094e-01
-2.050084997444596269e+00,2.449763566963535588e+00
-1.804708341529166038e+00,2.165935856533380388e+00
-2.002039696280208503e+00,2.305603540167994403e+00
-1.853944236400765888e+00,2.156336487917219102e+00
-1.869381359911126861e+00,2.143429124017190546e+00
-1.925694115838918918e+00,2.337279799583996009e+00
-1.277040849226466879e+00,1.363945013496672409e+00
-1.234374106020994510e+00,1.223962122719036927e+00
-1.338756498351673763e+00,1.401446076831506460e+00
-1.200871867837407514e+00,1.232472097402375510e+00
-1.377088485083693303e+00,1.398511116875029714e+00
-1.350412165551806876e+00,1.430753893373605479e+00
-1.536954465943071835e+00,1.767029552034290241e+00
-1.611338510072990893e+00,1.744524260997319942e+00
-1.574325677943151813e+00,1.803054372168821473e+00
-1.714294029199499469e+00,1.955866443572301883e+00
-1.616438296571280464e+00,1.935913805014836342e+00
-1.706626545801896544e+00,1.926155414712907188e+00
-1.353784581822721655e+00,1.544670999438796599e+00
-1.667562284995555810e+00,1.906883672891401815e+00
-1.651891247842746768e+00,1.859753097129334343e+00
-1.284341756182487249e+00,1.445067497361286257e+00
-1.640973800733698695e+00,1.828302264937037513e+00
-1.089675727658496740e+00,1.119177999225256848e+00
-8.334449325448369805e-01,7.951167623573667242e-01
-2.141458252778982274e+00,2.553653571866862038e+00
-1.274799075370725454e+00,1.460064828072843213e+00
5.000000000000000000e+00,-5.000000000000000000e+00
-1.608842537144222096e+00,1.872606194373139132e+00
-1.684024368586430231e+00,1.946629627789770112e+00
-1.681211688900852597e+00,1.916154616638597652e+00
-1.836696036979202251e+00,2.147042406507938317e+00
-1.774854637427174975e+00,2.058528656395491652e+00
-1.848501059686818326e+00,2.130013469893505373e+00
-1.845485006245979775e+00,2.220796450031028435e+00
-1.918156284704047199e+00,2.378748116306383942e+00
-2.045414438102250543e+00,2.575486113337246863e+00
-1.973531692330021237e+00,2.435600476363166678e+00
-1.989495374006171158e+00,2.393642856960545906e+00
-2.018861118273155952e+00,2.479690374318053614e+00
-1.999739884557079517e+00,2.418676352724266287e+00
-1.848278132223217352e+00,2.248002702744117620e+00
-1.739776537202389228e+00,2.092040987983051714e+00
-1.751632401331459477e+00,2.059391741690157929e+00
-1.618934300692925099e+00,1.958525285233594815e+00
-1.829260854894298571e+00,2.206285549020420511e+00
-1.746220349139666173e+00,2.155210598178500803e+00
-1.625919955380763948e+00,2.028693184564347440e+00
-1.830481374061608157e+00,2.091171258214718165e+00
-1.879804004854814359e+00,2.192115890911589204e+00
-1.921954641428176735e+00,2.279476169014378328e+00
-1.921733333870286220e+00,2.167968113070438463e+00
-1.892926975596478822e+00,2.241494771202222402e+00
-1.853188448875890515e+00,2.232694247761354944e+00
-1.863163663765244227e+00,2.262732070427047937e+00
-1.870940389429858630e+00,2.255909635130955770e+00
-1.918893755856893701e+00,2.354303359152237540e+00
-1.953187425834219226e+00,2.380392013419122321e+00
-1.871301217130702632e+00,2.312225395889995205e+00
-1.858042107531758358e+00,2.227198970060230820e+00
-2.023114066877155892e+00,2.383537503975812655e+00
-2.017172239763572072e+00,2.334836497110922338e+00
-2.068156100832919009e+00,2.417993097684631110e+00
-2.030589815351133254e+00,2.390465681750848503e+00
-1.899479727971677523e+00,2.351492047341139369e+00
-1.892805234474975062e+00,2.359274540919767738e+00
-1.918491754153721196e+00,2.363424986913376991e+00
-2.037115185065138778e+00,2.518163132820038008e+00
-2.014411330034866943e+00,2.453662676926954056e+00
-1.998976858448302973e+00,2.412815498108075829e+00
-2.019364020363470402e+00,2.565590849764356918e+00
-1.970066340112015091e+00,2.489815171406348782e+00
-2.010200371031487077e+00,2.432611496143034735e+00
-1.997782445853797828e+00,2.493715355034254344e+00
-2.051153724041055337e+00,2.499021091551875351e+00
-1.973587546030593387e+00,2.480170449900064966e+00
-2.058426004270418996e+00,2.561928982165843749e+00
-2.113420558193824128e+00,2.590969520885726851e+00
-2.011307003664699167e+00,2.479045551624244226e+00
-2.090170099113742186e+00,2.577667002336433200e+00
-2.144804849235784516e+00,2.663765427654900542e+00
-2.119246142833574709e+00,2.450486344606370714e+00
-2.003667575601373763e+00,2.377327905479615033e+00
-1.891728828608834512e+00,2.447679142328706092e+00
-1.992311554200287382e+00,2.474354852260574056e+00
-1.894957273820340848e+00,2.251556593125435768e+00
-1.646391648342732772e+00,2.077076062379852317e+00
-1.774352827518513198e+00,2.250792170782386137e+00
-1.705986217048669928e+00,2.197485447818419146e+00
-1.820179834732014612e+00,2.357417884480224046e+00
-1.721321912458351644e+00,2.235405766560051077e+00
-1.740740815641590888e+00,2.337991596098943248e+00
-1.736700132494323867e+00,2.279939935200835599e+00
-1.804312213855685965e+00,2.275308826125623796e+00
-1.881420782116012713e+00,2.366063361375535301e+00
-1.868971035369108691e+00,2.289848033003498706e+00
-1.840556831513584068e+00,2.331050657228725065e+00
-1.688668374926016291e+00,2.234814306048951593e+00
-1.818209675874809417e+00,2.285910346719298936e+00
-1.667247916955690190e+00,2.183698126977714260e+00
-1.810402675943325157e+00,2.244430849877345757e+00
-1.791260783630857389e+00,2.258140924384258952e+00
-1.829317608074643609e+00,2.269789987454843505e+00
-1.919167163930910913e+00,2.399916423264254917e+00
-1.816869987560986832e+00,2.298810618028902297e+00
-1.866440478124021141e+00,2.468905725540567531e+00
-1.887360958452446891e+00,2.400154192811374543e+00
-1.952326144338512481e+00,2.568574192907270515e+00
-1.990696204286561244e+00,2.699498205333100032e+00
-1.865630770920765791e+00,2.529810539730229735e+00
-1.894691770887697135e+00,2.433494854640740002e+00
-1.931936600370864454e+00,2.521469273874591188e+00
-1.807999042958650548e+00,2.332991591025478151e+00
-1.821285887867600373e+00,2.325457082444026824e+00
-1.740342329631731744e+00,2.267982675030369322e+00
-1.828793453944141501e+00,2.368682003413593584e+00
-1.765494548139878273e+00,2.328731940908700615e+00
-1.890600815225927267e+00,2.363910804738522664e+00
-1.917134446168490935e+00,2.469852157079658106e+00
-1.743850572315964076e+00,2.279783537866457266e+00
-1.967573684999321504e+00,2.532530189650157304e+00
-1.970855145166591882e+00,2.474867499709867857e+00
-1.972897942171961017e+00,2.584639618472579059e+00
-1.880357644792193916e+00,2.454789920780625856e+00
-1.834722304589928132e+00,2.401901190358496585e+00
-1.872394162799290829e+00,2.371673866441942558e+00
-1.764703712491961340e+00,2.310000879463418144e+00
-1.976036119946121161e+00,2.402474631952012274e+00
-1.740493109028964813e+00,2.298149610143943811e+00
-1.835846796320719676e+00,2.411664076286657910e+00
-1.877733364075600431e+00,2.465657146831691016e+00
-1.661972790576675241e+00,2.261685808143508503e+00
-1.807028978743008718e+00,2.370936523657510620e+00
-1.837819801642106121e+00,2.311150230635556468e+00
-1.899093891034778103e+00,2.399901677556217194e+00
-1.798530087239287756e+00,2.364683462826095983e+00
-1.958131869197962782e+00,2.303202646031636824e+00
-1.940999372212226071e+00,2.382303481044946381e+00
-1.931103137810139980e+00,2.299129758758166275e+00
-1.872912809812388613e+00,2.398628592738914378e+00
-1.835608428322248908e+00,2.349422385384668743e+00
-1.906303490865560057e+00,2.387690740238149090e+00
-1.867836700540897343e+00,2.357571548305280373e+00
-1.746223634068120756e+00,2.240293594646830755e+00
-1.851513322099366921e+00,2.316514786271019588e+00
-1.757486936023728408e+00,2.292008377036545141e+00
-1.910731409388239488e+00,2.324159619584397873e+00
-1.939955470834297646e+00,2.341142895976528138e+00
-1.936722493274122936e+00,2.355131434397124579e+00
-1.739583144475780774e+00,2.243989922498748513e+00
-1.913363473260274894e+00,2.403307314400008110e+00
-1.961088550729979563e+00,2.293948356328089133e+00
-1.820669082242066139e+00,2.372780221781627397e+00
-1.944064979640611313e+00,2.366395361353854199e+00
-1.998502669962860079e+00,2.293904716071391015e+00
-1.987457311773650037e+00,2.280593683208362421e+00
-1.961830952305167575e+00,2.307063448229767388e+00
-1.908655270645247093e+00,2.352065728911521880e+00
-1.911948681194882038e+00,2.230721909974352712e+00
-1.922138983274420010e+00,2.329217581631830569e+00
-1.987222738730544780e+00,2.287420522758967678e+00
-1.915376997193778852e+00,2.241260373003316708e+00
-2.019759123598785955e+00,2.384531013239833186e+00
-1.901043417365051891e+00,2.155538728437416118e+00
-2.047100614986812506e+00,2.419877966172197858e+00
-1.968845419920921991e+00,2.196674359374124919e+00
-1.969865749161121116e+00,2.290327520045019938e+00
-1.949929464099735998e+00,2.202820903940382991e+00
-2.008151532415878737e+00,2.386336892381805797e+00
-1.969279668699184693e+00,2.208343223244781939e+00
-1.875525021421482919e+00,2.095212297430669501e+00
-1.909852576285899328e+00,2.097788775222523938e+00
-1.969490687845860233e+00,2.187447407623031026e+00
-1.938855260136687519e+00,2.183921247043411284e+00
-1.904850328540170334e+00,2.307647017254233823e+00
-2.046094459244018449e+00,2.239144011867678863e+00
-1.911736103572941214e+00,2.128069157272105549e+00
-1.927980995060825542e+00,2.139696756375170317e+00
-1.989097420833536134e+00,2.273310760195474955e+00
-1.978540608850043903e+00,2.142124466947716854e+00
-2.003021254102423487e+00,2.178096705850311565e+00
-1.973492547682774045e+00,2.238311294157846021e+00
-1.793093699970284671e+00,2.014897397988724137e+00
-1.928363786608367381e+00,2.223494754862601397e+00
-1.773500052837764684e+00,2.035809433163509929e+00
-1.930421569624801048e+00,2.093243749129724662e+00
-1.919194188911192533e+00,2.139872151658561705e+00
-1.829760612654111718e+00,2.042137732327918620e+00
-1.873615815587418965e+00,2.074152931180579529e+00
-3.654361925030138902e+00,1.059064474094141062e+00
1.425283911471241005e+00,1.546358157363120434e+00
2.288381327275020638e+00,2.562666035419189470e+00
4.475350898800300570e+00,-1.838682214240343171e+00
-2.359130173044370338e+00,-4.676213638346115253e+00
4.389156263254818668e-01,3.195198650162874188e+00
1.519629874535430858e-01,5.034207594766524352e-01
-1.855844139640332457e-01,-1.666289068466451528e+00
-9.686801190393365957e-01,-6.394532893031286136e-01
3.846214244298939988e+00,4.215153510907452272e+00
7.743966663966634911e-01,-3.436987197410317663e+00
-1.626360039906596278e+00,-4.085963970430240622e+00
2.725485672925116454e+00,-3.698637344620759659e+00
1.329874769148809754e+00,-4.381862610933129787e+00
-4.663480603404536851e+00,3.371851983143603348e+00
-4.249361486782928132e+00,-1.360932859260817196e-01
4.281712330273460765e+00,1.699618713114877444e+00
4.977402026688205083e+00,3.673016743645584725e+00
3.646221723070944165e+00,3.181192586908823117e-01
2.404417728432871826e+00,4.786761466380060170e+00
1.971824782927502184e+00,-2.486893235505060584e+00
-4.973353293223887306e+00,-2.798792817091845464e+00
-2.290190400587062580e+00,2.203781954344822047e+00
-3.156333331534866282e+00,-9.391803920176764464e-01
-2.782156246697455870e+00,7.568554197029451203e-01
-5.867156612357966594e-01,-3.249064743049013160e+00
-3.797778655525829272e+00,4.637088069106718891e+00
-1.108726216061172387e+00,2.792897069379468356e+00
-1.922478939995799774e+00,-1.029596472703117715e+00
3.239153174814941138e+00,-2.209847268062186565e+00
9.302075316942417516e-01,-6.186356318814363320e-01
9.323205498573283734e-01,-6.174614731990377692e-01
1.324606918946437339e+00,-7.577290235703406651e-01
8.572641305130757061e-01,-5.363397802219749266e-01
7.405558008912338508e-01,-4.420241692947479706e-01
7.307476295279693446e-01,-3.905423227381978890e-01
8.202289264845097350e-01,-6.862096898454801419e-01
-5.000000000000000000e+00,5.000000000000000000e+00
-5.000000000000000000e+00,5.000000000000000000e+00
-5.000000000000000000e+00,5.000000000000000000e+00
-5.000000000000000000e+00,5.000000000000000000e+00
-5.000000000000000000e+00,5.000000000000000000e+00
-5.000000000000000000e+00,5.000000000000000000e+00
-5.000000000000000000e+00,5.000000000000000000e+00
-5.000000000000000000e+00,5.000000000000000000e+00
-4.998423880249109885e+00,4.992461291556837821e+00
-4.916937602900906867e+00,4.997252283408913698e+00
-4.995757419560505674e+00,4.979471374172744547e+00
-4.993973912405968996e+00,4.675619123706107771e+00
-4.988384217339781657e+00,4.648237232584339296e+00
-4.631333192601165827e+00,4.959983909322868811e+00
-4.860840537295080921e+00,4.961687384169509940e+00
-4.610441707043032800e+00,4.987908411107786932e+00
-4.598336782977932025e+00,4.967854356982318365e+00
-4.737290256267209010e+00,4.990731734188859292e+00
-4.728187783793602605e+00,4.977692530512605629e+00
-4.980088478919081574e+00,4.747852914992337858e+00
-4.630556628858379042e+00,4.993214474579215079e+00
-4.987787654098418955e+00,4.984914252945500834e+00
-4.998851150811245425e+00,4.993947040229075540e+00
-4.943078822155938745e+00,4.977136215961174059e+00
-4.991868012430330737e+00,4.992151666825900946e+00
-4.949185609712760225e+00,4.978671659249606307e+00
-4.953681441281610809e+00,4.809269176186964145e+00
-4.950430556419740391e+00,4.969274479903706521e+00
-4.677660584631627927e+00,4.966069776585177564e+00
-4.970827115342310698e+00,4.893148816406112545e+00
-4.992954514375701258e+00,4.810000386135467210e+00
-4.994378251442630479e+00,4.718323855481408202e+00
-4.946255292992260522e+00,4.539560136101677301e+00
-4.956343278847517908e+00,4.662499948762404145e+00
-4.705283607656193468e+00,4.992624891002515497e+00
-4.988360634552543083e+00,4.775224394319909749e+00
-4.668352910053815918e+00,4.962361363215642029e+00
-4.684789532419412872e+00,4.999354054301864636e+00
-4.981937062391069482e+00,4.726274155416195555e+00
-4.747291722795978330e+00,4.972583804821557152e+00
-4.976906033342350710e+00,4.715275687633944557e+00
-4.997311398005963134e+00,4.828418590152267598e+00
-4.987240190153672259e+00,4.843016553721678719e+00
-4.978496697820372852e+00,4.589417283968462158e+00
-4.983845269871265415e+00,4.998678169311137509e+00
-4.955971026776284205e+00,4.965297441468015549e+00
-4.755560124712379100e+00,4.957174370321315138e+00
-4.935338752763302139e+00,4.898130695942942481e+00
-4.994868578662821967e+00,4.450882001898236240e+00
-4.970832089263810261e+00,4.658751397539983685e+00
-4.603052663360039709e+00,4.989647508621715133e+00
-4.960345597711778964e+00,4.701935537080089489e+00
-4.953880162441540946e+00,4.932850741612814005e+00
-4.962669742235454429e+00,4.727778621561624206e+00
-4.980445200772639858e+00,4.947942494539002922e+00
-4.792066556114921383e+00,4.969699942270258575e+00
5.499988108366711259e-01,-2.939027203129107590e-01
-4.746722483622014543e+00,4.998116053003924364e+00
-4.982986401867297133e+00,4.627434747648392133e+00
5.378399809103662221e-01,-3.267886911999982047e-01
-4.780852556741375103e+00,4.937160436350749748e+00
-4.952093293783096151e+00,4.927982562898623797e+00
-4.730575207947246952e+00,4.948482049542482386e+00
-4.990090295128991826e+00,4.959893194154403773e+00
-4.985881113544993859e+00,4.776924383196446300e+00
-4.674131756295002660e+00,4.967135821832862064e+00
-4.994967266457154942e+00,4.922770397018748412e+00
-4.991043296840857124e+00,4.635839336720513515e+00
-4.466184067527596113e+00,4.996934601476695548e+00
-4.608619982125915726e+00,4.971246933326018080e+00
-4.751474479105840310e+00,4.983860106978038829e+00
-4.966463071225382997e+00,4.947751031044081316e+00
-4.600580757320772207e+00,4.992909645395481988e+00
-4.421878847836031134e+00,4.976001510213649226e+00
-4.418929671105781942e+00,4.902078469467824107e+00
-4.965260152492908752e+00,4.910256503649724991e+00
-4.990599580736214236e+00,4.961787951970762833e+00
-4.996111652372055012e+00,4.874176374554469504e+00
-4.995106878449878884e+00,4.957415468632911271e+00
-4.969619569872911313e+00,4.845564526824977847e+00
-4.715513230857793836e+00,4.971756828819234642e+00
-4.988112252569103511e+00,4.709480626448087293e+00
5.000000000000000000e+00,-5.000000000000000000e+00
-4.707972420744168218e+00,4.993674211654443695e+00
-4.984061579493829441e+00,4.970970328456697729e+00
-4.930653069544032263e+00,4.744663509297573967e+00
-4.958706420818189464e+00,4.675320418229084396e+00
-4.999935824048908017e+00,4.689164504251188248e+00
-4.987693635583442919e+00,4.950311351831848228e+00
-4.763662502672737276e+00,4.986351271114321193e+00
-4.993742308704870680e+00,4.944383350805841459e+00
-4.977779072533556004e+00,4.992001425612317078e+00
-4.624942925983740238e+00,4.989637799421011266e+00
-4.994031552637198779e+00,4.561036133446803476e+00
-4.579792208646101592e+00,4.990307711612052444e+00
-4.978702098429962142e+00,4.943856322562776739e+00
-4.628526763856516624e+00,4.949809723352485591e+00
-4.941170802070737444e+00,4.997367056894852055e+00
-4.715000593163179765e+00,4.985858463466493973e+00
1.868915062057228127e-01,1.430557602070203771e-01
-4.996128748346615467e+00,4.790824647417370130e+00
-4.989436352446833922e+00,4.818271222912162699e+00
-4.963847683276352285e+00,4.759823267969119698e+00
-4.955276248057131738e+00,4.971659850863243690e+00
-4.949223816542260401e+00,4.972116343719431342e+00
-4.698411493813760664e+00,4.985826059131369448e+00
-4.566954374955924045e+00,4.997385195869609831e+00
-4.753979473022983626e+00,4.962356482035795935e+00
-4.879141196177010364e+00,4.999039473991773619e+00
-4.980570358002772480e+00,4.968272883528545236e+00
1.365604818011450838e+00,-1.375562049657177877e+00
1.444936580034729801e+00,-1.392164942054589627e+00
1.447093427367179608e+00,-1.396175490422153054e+00
1.471845725534226546e+00,-1.454263604848149871e+00
1.525096788795266889e+00,-1.605171915265972249e+00
1.516076296737141504e+00,-1.437388260634351766e+00
1.531904417794517137e+00,-1.444965904389556410e+00
1.536507348349783975e+00,-1.571701868887118270e+00
1.538420659011318747e+00,-1.481282400884125661e+00
1.554530637835952689e+00,-1.437674507293261073e+00
1.544174222700328336e+00,-1.477375812536259492e+00
1.418045620253284511e+00,-1.417654629475495032e+00
1.583727874289461823e+00,-1.407189675741447488e+00
1.512859610225109286e+00,-1.509850428795238120e+00
1.562396354825398959e+00,-1.521791935060031076e+00
1.552638081403485693e+00,-1.538597601479366084e+00
1.402011787368687479e+00,-1.503385074810543287e+00
1.534810159160363341e+00,-1.530944500572230638e+00
1.530474072846224942e+00,-1.546559016210002468e+00
1.595614310471789032e+00,-1.468136222594615514e+00
1.689082540254038811e+00,-1.555817500070008741e+00
1.639569061418805873e+00,-1.510782165969346114e+00
1.602675614814311089e+00,-1.473104374336462019e+00
1.514884454489084042e+00,-1.628890992010128436e+00
1.556236033403876284e+00,-1.521726677082723800e+00
1.632227253435422298e+00,-1.487294782105729851e+00
1.564565346146920888e+00,-1.364277893607841907e+00
1.584794024052894379e+00,-1.661174194044592767e+00
1.527278655199889812e+00,-1.402459724021572374e+00
1.542498013310704685e+00,-1.545250353533473398e+00
1.636099407182561194e+00,-1.590131943185438157e+00
1.568473045108206065e+00,-1.524653094248594076e+00
1.638747231322851050e+00,-1.595501270230037072e+00
1.455398263065353248e+00,-1.485650284285378486e+00
1.470866957425585042e+00,-1.560526114583133506e+00
1.557413875961623617e+00,-1.453354364343184990e+00
1.448108101607523679e+00,-1.305185305184963340e+00
1.587826549692615608e+00,-1.580284401439658204e+00
1.327054513403112423e+00,-1.193389821187187394e+00
1.329260472668019943e+00,-1.331565186716227700e+00
1.375655365018407572e+00,-1.216620911272696670e+00
1.313326703970676412e+00,-1.187816044267686610e+00
1.271167802980085249e+00,-1.352216716584204281e+00
1.367713609878879133e+00,-1.274337628786549992e+00
1.618647671788834508e+00,-1.418600218699269000e+00
1.531562826511928321e+00,-1.412989923580046270e+00
1.555196035220801853e+00,-1.382880508346848281e+00
1.563640438266360455e+00,-1.482239400759320258e+00
1.567466576169317172e+00,-1.490376463086005465e+00
1.626454144036729943e+00,-1.546247315813741974e+00
1.412523843238293608e+00,-1.259683498070518048e+00
1.239006849233847518e+00,-1.104226941275276097e+00
1.236553331388522636e+00,-1.136727809674684675e+00
1.288899817618424315e+00,-1.190021451925471485e+00
-4.969880777064665800e+00,4.808921933375536639e+00
-4.633447568327185628e+00,4.986162953988898749e+00
-4.993924223298189524e+00,4.997150313315621872e+00
1.833891457437115236e+00,-1.767337015633406061e+00
-4.915856772612773540e+00,4.736602108302047753e+00
-4.868948387155477953e+00,4.980980214029171904e+00
-4.982583186743758219e+00,4.657377215741028920e+00
1.029841013436490371e+00,-8.386448289596657446e-01
9.751917548385815593e-01,-7.772352797058541540e-01
1.998856978650625393e+00,-1.902067730916372934e+00
2.063824475304302908e+00,-1.970083169577361737e+00
1.996645004543120550e+00,-1.952233269798521853e+00
1.973884552615114529e+00,-1.877119163755663234e+00
2.061082130418792957e+00,-1.979749130519734113e+00
2.017300870344681307e+00,-1.978288459134012633e+00
2.107075950260198560e+00,-1.950150726658494538e+00
2.033810677009476819e+00,-1.907203983482621990e+00
2.060671367154101041e+00,-2.001479932400264783e+00
2.114360020493740500e+00,-1.979904465555836879e+00
2.000388397577101962e+00,-1.968126085699241745e+00
2.222448255601252143e+00,-2.076638969893091602e+00
2.031260437862894896e+00,-2.007716291832342570e+00
1.942441526896403481e+00,-2.025830688532241464e+00
1.974367677311671621e+00,-1.712948558973854229e+00
1.992928599898449171e+00,-1.850654568192713789e+00
2.051553619391622618e+00,-1.874785030966216848e+00
2.008709878753059286e+00,-1.954810594597428786e+00
1.868660667402737730e+00,-1.928240957152989488e+00
1.965541404144779847e+00,-1.903433681414636425e+00
1.948785923080026627e+00,-1.941627526703513684e+00
1.912994127612651418e+00,-1.835578464070970028e+00
2.031741881308819941e+00,-1.897199185004660560e+00
2.004241449504025496e+00,-1.820320565683871017e+00
2.029201828855610401e+00,-1.918953245762690774e+00
2.007399543566084077e+00,-1.900011938891867480e+00
2.001000976093209260e+00,-1.836501547207473717e+00
2.067095655497450224e+00,-1.930512161640752122e+00
1.985655362443510263e+00,-1.915614311003565717e+00
1.970034615526543575e+00,-1.925996568215572857e+00
2.064174259406581058e+00,-1.950657811480068116e+00
2.047951659944163616e+00,-1.996857641857012311e+00
2.006762412407386620e+00,-1.980725250627877632e+00
-4.921521297381891813e+00,4.955541006781603031e+00
1.904262959680660394e+00,-1.761086913719005942e+00
-4.987504966858717026e+00,4.652585253054393633e+00
-4.999100616629906568e+00,4.608293165426761817e+00
-4.811890651483009762e+00,4.999518635847410408e+00
-4.991990098790251018e+00,4.949223647989377639e+00
-4.744542677387772578e+00,4.991853030531236968e+00
-4.996112156836423956e+00,4.810123134013323920e+00
1.451958327622988598e+00,-1.375295717008295338e+00
-4.760287227736354154e+00,4.981809453952818600e+00
-4.994127208313985378e+00,4.971878551635143140e+00
1.457801739527956997e+00,-1.237986749929911312e+00
-4.572126885707276323e+00,4.996694125459978153e+00
-4.999364428759890622e+00,4.882101446808583489e+00
1.423458946372776701e+00,-1.300246815536601375e+00
-4.982893930009293371e+00,4.817002703383629125e+00
1.430389866369572438e+00,-1.382121506013629819e+00
-4.990384180915647505e+00,4.792928008704647524e+00
-4.598366023112003376e+00,4.997044375520408366e+00
-4.978263467635240858e+00,4.762456147489787739e+00
-4.978466785754207535e+00,4.988632596864459146e+00
1.544919962592645746e+00,-1.421349881302154561e+00
-4.724902186723536346e+00,4.982873052791756407e+00
-4.674703621599682002e+00,4.966603743172550267e+00
-4.756048145848003728e+00,4.987303824518029671e+00
-4.996275145975576315e+00,4.945352805049132883e+00
1.348143486135578328e+00,-1.276469418042974091e+00
1.430587827967448433e+00,-1.263212635454355581e+00
-4.987967159915084991e+00,4.955278408764760556e+00
-4.987546904329864361e+00,4.753522700636878540e+00
-4.996664757906851939e+00,4.713671695907478920e+00
1.407597706071687327e+00,-1.339633626453775150e+00
-4.982800128217311553e+00,4.827844767104648938e+00
1.486118778358109793e+00,-1.393635013397180433e+00
-4.999537857074174418e+00,4.969361414592681214e+00
1.441906441814728268e+00,-1.241064938900950931e+00
1.465592253318917848e+00,-1.183082672557647097e+00
1.460826165505903163e+00,-1.346740848767689513e+00
1.439707363629382009e+00,-1.239171112161903121e+00
1.443544835410354388e+00,-1.204075904164092492e+00
1.413195187459857394e+00,-1.325544893496412691e+00
-4.988911984209206452e+00,4.989670027608125835e+00
1.485254758358038885e+00,-1.247174281332522838e+00
1.638328326024241832e+00,-1.457425625582115636e+00
1.423757649240171119e+00,-1.383348663499066156e+00
1.488221825097956419e+00,-1.308454493416217446e+00
1.406157916144239906e+00,-1.292628009940473444e+00
1.370944539014810282e+00,-1.299184895945626916e+00
1.475167276744460132e+00,-1.243280504988648616e+00
1.375660833665634186e+00,-1.264572735797853564e+00
1.372868001444046193e+00,-1.367054667013781089e+00
1.393000710206782955e+00,-1.206949375011243664e+00
1.346212880129361800e+00,-1.231121813998249159e+00
1.378811824459114099e+00,-1.274131415763719133e+00
-4.985410945614067835e+00,4.971634488493508641e+00
1.391521435889368163e+00,-1.255679331942042953e+00
1.316719548410912211e+00,-1.220200389714439559e+00
-2.102635827968728943e+00,-1.272970069768067258e+00
-2.684976673065714525e+00,-4.531945807533077186e+00
-3.957790530983628763e+00,1.228457975075826880e+00
3.562601553189905346e+00,-3.687942600072222632e+00
-2.383530611288264822e+00,4.723818157588999256e-01
1.468267100555671334e+00,8.606153600347168364e-01
3.271695660533547212e+00,2.101082949323950011e+00
2.466349301514098258e+00,-4.680287065966215465e-01
7.731272438611540565e-01,1.533072675551197861e+00
-4.786936250228439604e+00,4.347996399868257811e+00
4.638870187555317770e+00,3.141638304223336675e+00
2.155269857900966812e+00,1.727933310014362789e+00
-4.595635137104921775e+00,-1.517618248629499789e-01
3.923459831846711765e+00,-7.126355990165400556e-01
-1.856901786033242185e+00,-4.184917825424205873e+00
-8.124764031632460970e-01,3.720410306657919719e+00
-1.496821359434073351e+00,2.821159755951229364e+00
6.353115226634393764e-01,-1.552425401293528573e+00
-2.742497756762647398e-01,-4.863493064588095827e+00
1.755925965606275341e+00,-2.309692130143213618e+00
-3.375548587438383485e+00,3.003040109851884409e-02
-1.249690152296876189e+00,-3.431873705376777828e+00
4.005499459702621223e+00,-1.836745462488281966e+00
1.303157659299214899e+00,2.640476885878738855e+00
1.538300698771708497e-01,3.546896509416583854e+00
4.841059277297047103e+00,-3.187994145683039626e+00
-3.171270093029711745e+00,4.014592371635787416e+00
-4.208252135418383943e+00,-2.779364515648688361e+00
-5.620203410989725867e-01,-2.459052428388609712e+00
2.784042803316796544e+00,4.929521885519305258e+00
5.595532486489194213e-01,1.413247027601975958e-01
2.927889690444188453e+00,-5.000000000000000000e+00
2.447407021102277369e+00,-5.000000000000000000e+00
1.851715138406007100e+00,-1.994637298729103225e+00
1.426433484680122987e-01,7.406326010657799941e-01
1.293622237635442929e+00,-7.419218179966122761e-01
-5.000000000000000000e+00,5.000000000000000000e+00
-5.000000000000000000e+00,5.000000000000000000e+00
-5.000000000000000000e+00,5.000000000000000000e+00
-5.000000000000000000e+00,5.000000000000000000e+00
-5.000000000000000000e+00,5.000000000000000000e+00
-5.000000000000000000e+00,3.437648061409717570e+00
-5.000000000000000000e+00,5.000000000000000000e+00
-5.000000000000000000e+00,5.000000000000000000e+00
-5.000000000000000000e+00,5.000000000000000000e+00
-5.000000000000000000e+00,5.000000000000000000e+00
-5.000000000000000000e+00,3.337479388606649167e+00
-5.000000000000000000e+00,5.000000000000000000e+00
5.000000000000000000e+00,-5.000000000000000000e+00
5.000000000000000000e+00,-5.000000000000000000e+00
5.000000000000000000e+00,-5.000000000000000000e+00
5.000000000000000000e+00,-5.000000000000000000e+00
5.000000000000000000e+00,-5.000000000000000000e+00
5.000000000000000000e+00,-5.000000000000000000e+00
4.994117710440022506e+00,-4.751006315334795005e+00
4.923237823136375368e+00,-4.978011522836951031e+00
4.979178997031425524e+00,-4.960575836319036647e+00
4.878755799728542897e+00,-4.931161415065346887e+00
4.935374987459415053e+00,-4.984914140567952678e+00
4.655934380269226125e+00,-4.963646707695770210e+00
4.984624185482310565e+00,-4.883858699877441367e+00
-4.989536349231883605e+00,4.921589995677436491e+00
-4.999265457031528470e+00,4.900941623900724409e+00
4.978315009474199471e+00,-4.955332756985082021e+00
-4.969690741304355619e+00,4.998584920960848166e+00
-4.963880819936291822e+00,4.986680112857996505e+00
4.995962183865991335e+00,-4.959375347977306170e+00
-4.851478066587556981e+00,4.946104967741849379e+00
-4.936754815654550654e+00,4.983064777607872031e+00
-4.949843374560557230e+00,4.976785366805943411e+00
4.997380193831968853e+00,-4.995421619708501737e+00
5.593615921922276968e-01,8.243581811590825481e-01
-4.939670302563863302e+00,4.914868952032501070e+00
4.972090129909579659e+00,-4.996741662798457106e+00
4.892574062901216436e+00,-4.991518885387326243e+00
-4.999590271078104387e+00,4.954571188486447397e+00
-4.899971647795333674e+00,4.977024936759349316e+00
4.879893379297740807e+00,-4.973606018732987799e+00
5.781662346491458493e-01,8.481712173710942437e-01
4.342676649146234524e+00,-4.998834871315085415e+00
-4.755079162284205907e+00,4.995939195180548964e+00
4.853084646829511684e+00,-4.999474312310611346e+00
-4.978475877709698239e+00,4.566307715694728486e+00
3.036665815030614723e-01,1.213371860234247812e+00
2.294163722424507057e-01,1.296284586829531627e+00
2.220178866871194145e-01,1.447135514602225115e+00
2.079164732535989657e-01,1.462976152775118166e+00
-4.996375916492504565e+00,4.898479032626726237e+00
-4.934005596704041707e+00,4.958873823358718624e+00
9.861226755214342887e-01,1.904595992837387897e-01
9.585147655208547945e-01,2.170690137244157825e-01
-4.974473804019585721e+00,4.469101520779062753e+00
4.917394270659974254e+00,-4.972225727919349580e+00
2.489261232544439650e-01,1.227971016735304843e+00
2.419181458326500334e-01,1.287940971557526737e+00
1.992091611916304572e-01,1.439095272571914386e+00
3.878473136192406301e-01,8.297870334096035805e-01
3.713916953037310620e-01,7.954198266225791514e-01
2.802455378728074820e-01,8.433800781500542243e-01
3.165899043126696455e-01,7.569471974600006092e-01
2.618459447477050617e-01,8.890215111132739878e-01
2.973156555081786223e-01,8.496453001496240276e-01
4.904937728946432429e-01,6.182002405649233978e-01
5.783830609028441927e-01,5.383462135656866820e-01
4.500155647635137868e-01,6.268456387116998485e-01
5.597109614116169141e-01,4.974319644331473000e-01
6.116583991244928242e-01,3.898883509112209822e-01
5.761373104045812710e-01,3.221563710411121662e-01
6.224402568257083601e-01,4.130566990993314036e-01
5.306780864688427357e-01,5.423621433651142354e-01
6.897351094807016025e-01,3.349630618627221779e-01
-4.997243668287739915e+00,4.937026088144934377e+00
5.873031967105601936e-01,4.119044178522806021e-01
5.652490281386244320e-01,3.513894522564067202e-01
-4.976875834188746239e+00,4.941436043386666199e+00
-4.959230491375145711e+00,4.962166155519650346e+00
6.780950414098505519e-01,2.578058419306596960e-01
-4.993190305464860757e+00,4.591447173869379839e+00
-4.972571488322806488e+00,4.838830018613494488e+00
4.262370101493475616e-01,7.526696040106468644e-01
4.361786533696836443e-01,7.476891604731399354e-01
-4.952228802158714416e+00,4.961841486184727756e+00
7.955450047178178608e-01,1.832516401353760926e-01
-4.516202861363982635e-02,1.405776372602750790e+00
-1.202720634527398857e-02,1.504039774645256955e+00
-4.740766764703647773e+00,4.971095600986144447e+00
4.958983158685498438e+00,-4.993556155068898050e+00
-1.576467588651020435e-02,1.286539105361934610e+00
-1.079900454209159477e-02,1.190683297257494999e+00
-4.785623570859888432e+00,4.995374464845138363e+00
-4.848413401183990779e+00,4.972776492582825725e+00
-4.976672896827780690e+00,4.989162972812051677e+00
-4.966325507983748722e+00,4.993580006278735439e+00
3.985021080821617545e+00,-4.991792454306605897e+00
1.406522019800320322e-01,1.254607671539145208e+00
4.954782269741240697e+00,-4.982209158708647223e+00
1.163013673713626517e+00,-5.782617689473692479e-01
-4.997815774873228811e+00,4.979909891598374827e+00
1.336694094513660502e+00,-9.137526773662907331e-01
-4.779846644806164058e+00,4.976550860531416376e+00
-4.998868558141839280e+00,4.890179415799218887e+00
4.986442893502392337e+00,-4.888608519738366631e+00
-4.733332603909691016e+00,4.975773600916705064e+00
3.851370782190082664e+00,-4.994627643456150068e+00
-4.980531467283349834e+00,4.972508057577218921e+00
-4.822857672400458817e+00,4.986331160472785129e+00
-4.929670937069387193e+00,4.937974673528986003e+00
4.027275532333975505e+00,-4.989652276896591410e+00
3.607459720872205011e+00,-4.993342034357354464e+00
-4.978222201081262455e+00,4.972428126508095403e+00
8.275644137124817945e-01,4.902367112862879850e-01
7.309436107585964848e-01,5.392820678142982160e-01
-4.877926712798775988e+00,4.989566030316741063e+00
4.919521958799883521e+00,-4.957643126437645265e+00
-4.837015838447275229e+00,4.990518010675192073e+00
-4.990093075919035392e+00,4.803468137226213130e+00
-4.982313225672934998e+00,4.707102569366949041e+00
8.448893207494458935e-01,4.008439445813287705e-01
-4.720541167768668167e+00,4.989447066295847222e+00
-4.804475183653119430e+00,4.976562707165824051e+00
4.988983904861541419e+00,-4.951924541090210852e+00
-4.999312123277394271e+00,4.959939080588645410e+00
-4.843218806388626341e+00,4.989338140646703224e+00
6.975248866960725991e-01,5.315722256623107711e-01
-4.992995679791018659e+00,4.840470980127340894e+00
7.607864868971816463e-01,5.017077420683699884e-01
6.746094229797456876e-01,5.315882782341487811e-01
-4.999696345624068172e+00,4.709165337320101230e+00
5.573039486544617560e-01,6.749995531897301504e-01
-4.726361022455428440e+00,4.984465534247954466e+00
4.400740652765531280e-01,9.080727907952832467e-01
2.850834435887232843e-01,9.693598565061032346e-01
3.653494876994267671e-01,9.953868739556002154e-01
2.940460912141968919e-01,9.310474234163859109e-01
-4.997229015941785590e+00,4.940279999658784504e+00
9.999422644634243795e-01,-1.916330993250960901e-01
-4.995273518663050361e+00,4.926659149470456356e+00
2.927878571345683412e-01,1.139493020554048996e+00
-4.801792608470162094e+00,4.992415412378015560e+00
4.968187133382237164e+00,-4.952242300140246911e+00
4.819253650136170464e+00,-4.989227889490094547e+00
-4.993024460322375901e+00,4.930674564472848687e+00
8.794240119444873827e-01,2.159026982649825399e-01
8.975113339805940171e-01,2.840403560303004227e-01
9.227450610296656919e-01,1.101196235424275471e-01
7.945157919505518862e-02,1.285568214540181664e+00
8.020205581654948901e-02,1.241513793516969777e+00
1.651193054136212979e-01,1.354005850093297880e+00
9.290658198958912095e-02,1.265837926268114089e+00
4.953717421004899535e-02,1.327579137867012093e+00
9.411164070235589207e-02,1.343340108916780906e+00
-4.985094910272240831e+00,4.975527266353115152e+00
2.411058917459616424e-01,1.294827994076888977e+00
2.253434870147987823e-01,1.150918284540165537e+00
4.852107488629810561e+00,-4.957739771136808749e+00
2.964249557186979800e-01,1.127593875102212095e+00
2.300130714345240079e+00,-2.394048530720136014e+00
2.334722253495832511e+00,-2.586949340976821166e+00
2.261155722656450706e+00,-2.342870290569723402e+00
2.352826130381862946e+00,-2.484487204849312292e+00
2.436635942830523760e+00,-2.532356958774541589e+00
2.260966732794557288e+00,-2.411740870192383035e+00
2.312650797802771940e+00,-2.531154575953992847e+00
2.309555205191557548e+00,-2.394216567749565705e+00
2.416948804041316734e+00,-2.514404310798874942e+00
2.365572845951845693e+00,-2.589839375689065193e+00
2.417720283639629208e+00,-2.548577223374010714e+00
2.478167591953274851e+00,-2.600044482872954532e+00
2.530946333299678663e+00,-2.585717810574672093e+00
2.405979171560096219e+00,-2.663578986390830572e+00
2.306380513440913660e+00,-2.620302663343180960e+00
2.316999285856721436e+00,-2.557714084856659742e+00
2.414249160070573552e+00,-2.530943124767237151e+00
2.425881616595232160e+00,-2.577405469470510191e+00
2.449562343427689193e+00,-2.583255978939551056e+00
2.337332851723194160e+00,-2.614438862247430606e+00
2.466919671307017836e+00,-2.523688097755889981e+00
2.415277104013259013e+00,-2.632688905500660148e+00
2.449551655854255827e+00,-2.539399868671115446e+00
2.453491517189704041e+00,-2.535324332235391775e+00
2.479066270365848368e+00,-2.548309194913756404e+00
2.319572154638604111e+00,-2.606711224791181003e+00
2.239202945463438787e+00,-2.355128858765542343e+00
2.346009401558099228e+00,-2.570435221353735589e+00
2.254240256572977330e+00,-2.362889534510999479e+00
2.186768707043481363e+00,-2.404396604927931502e+00
2.306009148588636926e+00,-2.542779677308797837e+00
2.293921630548383384e+00,-2.487646820439821216e+00
2.422603859936845794e+00,-2.577305819536798825e+00
2.261989162261418329e+00,-2.579625860449728414e+00
2.198525174627093293e+00,-2.274098876147137460e+00
2.213137317078088806e+00,-2.262223641314820455e+00
2.416005093361073719e+00,-2.530346796039750323e+00
2.398203855219423808e+00,-2.542167061883890522e+00
2.180398528729385887e+00,-2.339570094530014188e+00
2.405772136331066235e+00,-2.625021041984034298e+00
2.458414703865237527e+00,-2.416129335446756787e+00
2.377345139415525388e+00,-2.531448514890237256e+00
2.279870693416865990e+00,-2.241247488810240274e+00
2.239904777227479826e+00,-2.396280811959212276e+00
2.451979708910519307e+00,-2.540197918176045455e+00
2.468402850790809566e+00,-2.535460880503052739e+00
2.423549027754305030e+00,-2.405900918245509779e+00
2.438858326210905147e+00,-2.408460487536736139e+00
2.475402880608559286e+00,-2.564413193546921210e+00
2.489923699191622042e+00,-2.534307204244237610e+00
2.553712405123476969e+00,-2.609102713024251230e+00
2.448606519956882721e+00,-2.605111413554308086e+00
2.503733752588594541e+00,-2.487563614318841321e+00
2.610381132633627921e+00,-2.607660304112369598e+00
2.266167051867125970e+00,-2.309253408764066595e+00
2.128956963371503974e+00,-2.280076131592634781e+00
2.148432801187244223e+00,-2.178035288881850384e+00
2.221035454886056471e+00,-2.312490324265882968e+00
2.256114359409232328e+00,-2.405162629834734389e+00
2.264293293184266531e+00,-2.350243974917818779e+00
2.203232908263154322e+00,-2.305768705219397141e+00
2.195923781093124916e+00,-2.201300488933473520e+00
2.249561182724272967e+00,-2.335150177510669334e+00
2.227323036374297516e+00,-2.284717390458097075e+00
2.219748674743779127e+00,-2.344195458415808009e+00
2.220644758267964036e+00,-2.147780284309897425e+00
2.168218614990990112e+00,-2.396047484316583986e+00
2.157947733800470225e+00,-2.228894389611398186e+00
2.168817468492139078e+00,-2.271172701300934627e+00
2.175111454617011830e+00,-2.336617668314764806e+00
2.244837238501222743e+00,-2.464254729628094331e+00
2.174776512324373634e+00,-2.392004435390789219e+00
2.139976821332508550e+00,-2.341219284302757497e+00
2.150279087171799830e+00,-2.344497032521786650e+00
2.226105784774050633e+00,-2.430789126366914132e+00
2.197187201248913979e+00,-2.262787845898950767e+00
2.231848572756137017e+00,-2.355745718009660372e+00
2.184731838277624405e+00,-2.452993673367179106e+00
2.231307501141859717e+00,-2.273173685207218853e+00
2.272023834114150986e+00,-2.514671509389891479e+00
2.179563063288396663e+00,-2.191737828464222382e+00
2.393257637660325621e+00,-2.519924229973343088e+00
2.134277664316355683e+00,-2.291883191213733184e+00
2.206995649480374411e+00,-2.294544511819265775e+00
2.418388272851991871e+00,-2.484036224438995077e+00
2.391465549366252219e+00,-2.586599051153752438e+00
2.426963718036098783e+00,-2.466654526055219065e+00
2.376179973817325042e+00,-2.395471104872783474e+00
2.240814271302337346e+00,-2.446323107369297478e+00
2.243147420556173444e+00,-2.501498841680360297e+00
2.290892256145800943e+00,-2.628699919819915021e+00
2.321173673456468300e+00,-2.607695110055155308e+00
2.259305569436877548e+00,-2.508566114991741980e+00
2.340065444550621265e+00,-2.570520939552838779e+00
2.132353477384672402e+00,-2.292320921535521805e+00
2.196013907995562953e+00,-2.228836326734866979e+00
2.171320794842079849e+00,-2.194862199004021353e+00
2.153333170735622026e+00,-2.153120916118224759e+00
2.069139172150201489e+00,-2.024631462921783864e+00
2.230996353470792393e+00,-2.341340450676441698e+00
2.313689064839322462e+00,-2.593137911903880433e+00
2.366824985693490646e+00,-2.509260213496859571e+00
2.184214443188432497e+00,-2.454508560187485422e+00
2.323306023343939763e+00,-2.575558870672000733e+00
1.741932114320718483e+00,4.308098241784776405e+00
-3.654946228767815164e+00,-1.154326294140386899e+00
-3.801514829887232771e+00,-2.274608082386858854e+00
-3.578506242727534925e-01,7.014789776881116268e-01
-1.090641234706422491e+00,-4.297148781366862735e+00
-2.188075575975457099e+00,-4.381967576279777177e+00
-7.403645574253427952e-01,3.772346923959769782e+00
4.529052465953769868e+00,-2.821831149900485336e+00
-2.805167112198761359e+00,-4.697522819931361227e-01
2.826117153220496725e+00,-7.653668370553203815e-01
-3.018767453276067769e-01,1.591859921851014548e+00
-1.822524238668671082e+00,-3.034885015124048735e+00
-4.241393278123135602e+00,4.779181022097883869e+00
8.146922031074277371e-01,-2.403643725573851864e+00
3.380544137270021565e+00,-3.366835377076651703e+00
-3.246472082997230668e+00,1.283526573151312355e+00
4.240879172420362053e+00,1.689373841513851282e+00
-4.992300969119914278e+00,-4.929724433752307178e+00
4.939690288997617529e+00,3.437510907764085744e+00
4.422323257068061508e-02,3.036574818896429662e+00
1.604792423408023083e+00,-1.617023451240326981e+00
2.055240856729167120e+00,-3.682195215760892371e+00
-4.602932650083148225e+00,-2.981823387287558802e-01
-1.367632616365418663e+00,6.266734764701542559e-02
6.556408549832770660e-01,4.410149216593410415e+00
2.521162010195618919e+00,2.866590312419403652e+00
3.813685643110698464e+00,-1.963192111365716030e+00
-2.585708535264985120e+00,2.198330691068934861e+00
1.214729282070830862e+00,2.425414295624175764e+00
3.054959209795834241e+00,3.357270857215945981e-01
-1.571269229540586565e+00,1.759448902364427525e+00
-1.597383682963380735e+00,1.800140395170487295e+00
-2.076620702553660269e+00,2.585655320426811343e+00
-9.126593185736728842e-01,8.277652012627090272e-01
-3.124523947129965507e+00,5.000000000000000000e+00
-9.022570941591583349e-01,8.386882206558876618e-01
-2.035712958916924276e+00,2.406161352426746447e+00
-1.808065716052329464e-01,4.830691717357638026e-02
-1.755528515400630596e-01,5.773892601883900966e-02
5.000000000000000000e+00,-5.000000000000000000e+00
3.013381580460361420e-02,-1.350660539500996293e-01
-5.000000000000000000e+00,5.000000000000000000e+00
-2.527830103347170176e+00,5.000000000000000000e+00
-2.064366078403713445e+00,2.149098456841956661e+00
5.000000000000000000e+00,-5.000000000000000000e+00
5.000000000000000000e+00,-5.000000000000000000e+00
3.503241990323303412e+00,-5.000000000000000000e+00
-1.589732994718247028e-01,1.332342325964352980e-01
-5.000000000000000000e+00,5.000000000000000000e+00
-2.415724454239173813e+00,2.482310363409273357e+00
-2.444084903024574817e+00,2.496019707226037276e+00
-1.353987861765133527e+00,1.470221443602941491e+00
-1.357669502929967464e+00,1.450879425458269090e+00
-1.184010490263502913e+00,1.358326432457428012e+00
-1.518030820377140433e+00,1.722027979906956219e+00
-1.451954840471530339e+00,1.624104972343753950e+00
-1.201015762595015524e+00,1.426498760646475183e+00
-1.218788742642391565e+00,1.349095288440515183e+00
-1.412985208280610916e+00,1.583880103647396176e+00
-1.170801128720497797e+00,1.365029408095597141e+00
-1.195185644207948705e+00,1.406596430136012543e+00
-1.329932941175831385e+00,1.599469722129141402e+00
-1.256019779721948115e+00,1.232417932115101422e+00
-1.517905699855719881e+00,1.755783107100999274e+00
-1.108858901968340582e+00,1.247017833843772294e+00
-1.089921448757134037e+00,1.231806946586533336e+00
-9.592888893737585576e-01,1.169028584135128668e+00
-1.050171464584976899e+00,1.118538389568145774e+00
-1.016280259343219861e+00,1.094978506579563415e+00
-1.029732538908645356e+00,1.276341976718031290e+00
-9.919101292802201542e-01,1.121698791674296203e+00
-1.036325702335330057e+00,1.252585927187176651e+00
-1.413612244500633164e+00,1.543620081450042036e+00
-1.114004286883287786e+00,1.210958522649393743e+00
5.000000000000000000e+00,-5.000000000000000000e+00
-1.089226832415037816e+00,1.306075432996856911e+00
-1.408912134847142728e+00,1.685404545544222366e+00
-1.448569450910141665e+00,1.760322799086774026e+00
-1.545325936984995430e+00,1.750857237493619323e+00
-1.427850451898091233e+00,1.730523410933323625e+00
-1.513648351431066796e+00,1.762723482492313920e+00
-1.630579520877888822e+00,1.853511882197834915e+00
-1.642026658628418900e+00,1.859708336590023769e+00
-1.733531422843129111e+00,1.960835897689903184e+00
-1.780303642612999671e+00,2.043094142984110739e+00
-1.775604726898448060e+00,1.982045722393523057e+00
-1.752759531562743778e+00,2.015961055926215550e+00
-1.478651116548083788e+00,1.759921324672254705e+00
-1.218134225868854337e+00,1.389438875409232388e+00
-1.217819447799160848e+00,1.337422468566463962e+00
-1.476036647512050770e+00,1.676935782045907430e+00
-1.460385863776249682e+00,1.642361637530651564e+00
-1.220040890043183612e+00,1.415341924707113286e+00
-1.122158332912797096e+00,1.300315778222592478e+00
-1.166376292735564757e+00,1.328471903567077561e+00
-1.475090422103161991e+00,1.627291224021751859e+00
-1.334087675839497500e+00,1.396807512442612698e+00
-1.449750178730486283e+00,1.733583550428599018e+00
-1.410724454032383335e+00,1.607012518681383284e+00
-1.201428819341341381e+00,1.400118112203322163e+00
-1.130159885521381469e+00,1.266862649115328310e+00
-1.096593901190182407e+00,1.288853157223232238e+00
-1.223139744444010635e+00,1.428661229182115022e+00
-1.483275375898815529e+00,1.627290354864390665e+00
-1.534263015496985627e+00,1.773998404773013071e+00
-1.646630308922598207e+00,1.900938416890484817e+00
-1.593546696532535556e+00,1.833035458132671103e+00
-1.163837551703580608e+00,1.275540853466001323e+00
-1.600087825720026391e+00,1.805825385915181158e+00
-1.751925863105843639e+00,1.933946301740043339e+00
-1.669565944616128839e+00,1.861770597271136474e+00
-9.598537486859797241e-01,1.066251226562738630e+00
-1.502953023825707835e+00,1.763261198019451470e+00
-1.683837203577891906e+00,1.925774391140943287e+00
-1.730626947958065376e+00,1.933387422297375480e+00
-1.902755810135779324e+00,2.194393285144609074e+00
-1.690651912828051273e+00,1.975276466892470495e+00
-1.726335125669459902e+00,1.928346295118087639e+00
-1.661191736614944681e+00,1.973688115611807348e+00
-1.654936487544416579e+00,1.837256450431437038e+00
-1.736772208077121515e+00,1.996948176332744573e+00
-1.239809358401396722e+00,1.392154777406022781e+00
-1.197772789748433375e+00,1.408197584453453111e+00
-1.579714991014686376e+00,1.820826686840588238e+00
-1.721540383136091368e+00,2.067996485315395816e+00
-1.746589735143532884e+00,2.053282994908713022e+00
-1.933439700478903234e+00,2.117487426026655406e+00
-1.495540514759379658e+00,1.783925380528851079e+00
-1.579366413250144596e+00,1.831540579357105791e+00
-1.585595030371971692e+00,1.758473741769401855e+00
-1.140220793907401386e+00,1.388448471531459560e+00
-1.113295141335897132e+00,1.353035720579246259e+00
-1.280405992560286865e+00,1.479043669204828326e+00
-1.508534159813948339e+00,1.854569886917416532e+00
-1.219794811723322603e+00,1.426583767032434835e+00
-1.011503524227610473e+00,1.255552398714923079e+00
-1.505271288851839806e+00,1.784891535970977827e+00
-1.667099186767810437e+00,1.994422772484298889e+00
-1.753147683369393306e+00,2.130981157174191232e+00
-1.891885894177621097e+00,2.182653651751885526e+00
-1.873584599711819010e+00,2.143958869782990107e+00
-1.647303171086255791e+00,1.885954956692573958e+00
-1.674482427651440730e+00,1.980294934240758309e+00
-1.677748020726145928e+00,1.961196537577015953e+00
-1.247170842816237801e+00,1.576325374951497160e+00
-1.286321034920446138e+00,1.529618882196777108e+00
-1.643101870836111811e+00,1.900693562202714126e+00
-1.726467921459500676e+00,2.031742567353015616e+00
-1.677172980097634714e+00,2.064876533080884258e+00
-1.844272760349418672e+00,2.199981801200415532e+00
-1.867796371636711417e+00,2.218934926276579844e+00
-1.793953332467826289e+00,2.212482371961432825e+00
-1.938375758045122854e+00,2.250969810420439643e+00
-1.753744083322610781e+00,2.173553461005987231e+00
-1.837404305726600295e+00,2.223923180475171790e+00
-1.892671292557834395e+00,2.238672011327183853e+00
-1.903730679746173493e+00,2.176170666142173360e+00
-1.844747164721360466e+00,2.221647937534933170e+00
-1.909230737416003798e+00,2.270166433598567401e+00
-1.632797889563120552e+00,2.002371207032105360e+00
-1.392370730275655610e+00,1.746725425369392681e+00
-1.565038971270278800e+00,1.847312031448104186e+00
-1.303649375124906307e+00,1.634474109437908496e+00
-1.434614704582050759e+00,1.850678131955067585e+00
-1.316119035759067302e+00,1.642185041580509264e+00
-1.544787094583232712e+00,1.887894589381092558e+00
-1.610926154899816165e+00,1.953327414891204761e+00
-1.532390612913147709e+00,1.906174309972276326e+00
-1.638490730948743312e+00,1.894426781382835046e+00
-1.675165024761000154e+00,1.927281982632078616e+00
-1.489581211901895408e+00,1.869916762679996403e+00
-1.623830707133983697e+00,1.941430344551347886e+00
-1.721199326776626126e+00,2.010390535375808696e+00
-1.769930345627282353e+00,2.077019832070725158e+00
-1.649935238373867907e+00,1.922351547174052655e+00
-1.513087103615860407e+00,1.909554416254985121e+00
-1.612050190788755888e+00,1.996232739682892721e+00
-1.529192266757386953e+00,1.976980593688324461e+00
-1.284820216300794460e+00,1.590698576630929395e+00
-1.357889445407638895e+00,1.592072892349543523e+00
-1.595847465199927040e+00,1.855587757170261476e+00
-1.333296986492053637e+00,1.632036202625743115e+00
-1.254477572244351968e+00,1.556405988458509526e+00
-1.178148346536528557e+00,1.442353812070354735e+00
-1.148561644195800202e+00,1.409929062283852730e+00
-1.288254733976897271e+00,1.575305463268993122e+00
-1.164110543715677348e+00,1.525021488562487093e+00
-1.137350282234743659e+00,1.439406101770583923e+00
-1.032852451971817409e+00,1.313410972249763553e+00
-9.201921557197838553e-01,1.142462692074524000e+00
-1.018127664582926251e+00,1.319677064685327750e+00
-1.126134653715231693e+00,1.438174262206945109e+00
-1.069838990781605048e+00,1.342496020300093740e+00
-9.856745362937644472e-01,1.243669808049025605e+00
-1.032868099201117218e+00,1.209621123218020067e+00
-7.831767951361987556e-01,9.782445763831129071e-01
-6.964314366016193247e-01,9.530839106755077950e-01
-1.088552184337959972e+00,1.405374941723687598e+00
-9.771104545314424072e-01,1.259926511554838591e+00
-8.203259797874808967e-01,9.897312821385977344e-01
-6.756759681650592597e-01,8.742187413749293867e-01
-6.744750787707287643e-01,9.296105379723016426e-01
-5.297010869122367183e-01,7.055195860882434999e-01
-3.868834567252319445e-01,4.977406071028624979e-01
-3.752414808762205567e-01,5.130669440750068588e-01
-3.877180870623302411e-01,6.290619334260902917e-01
-6.182217510731078391e-01,8.223348945464774573e-01
-8.179830493832849214e-01,1.035800925571429332e+00
-5.548052759293238267e-01,8.414194723628902750e-01
-3.494935613362457616e-01,5.050840259900297724e-01
-4.165052744133292961e-01,6.211068558724477384e-01
-4.842966384676072877e-01,5.899979758737652347e-01
-3.919833029490362719e-01,5.649894639989527789e-01
-1.603141331131521241e-01,2.815587924710607481e-01
-5.239238042007468010e-01,7.223204081701695145e-01
-4.780964383607235746e-01,6.863746925187061976e-01
-6.141116614966790621e-01,8.249167956435989879e-01
-5.619559349733593834e-01,7.457314624567787931e-01
-7.769294423250796555e-01,1.100952451997065040e+00
-6.758836325313000160e-01,9.121867832586936231e-01
-5.891927472652938036e-01,7.911723085844490910e-01
-5.134760268906743974e-01,7.875035454005816504e-01
-5.630907294618996417e-01,7.300007568248014778e-01
-5.756836654824448729e-01,7.958441561545290810e-01
-4.164952704831792474e-01,5.374280374374329483e-01
-5.659429628102419230e-01,7.826789794378683496e-01
-4.805331594573036824e-01,7.201231315521363641e-01
-5.715435202427059380e-01,8.252775217472807512e-01
-5.900212905898687410e-01,8.201718290394879318e-01
-6.306634033852018817e-01,8.955012951616980743e-01
-5.456928055172252101e-01,8.037919884850710517e-01
-7.164252674823075040e-01,9.282147774355342662e-01
-5.332114535275493949e-01,8.066818385256366852e-01
-7.714876860468695696e-01,1.003527971090899307e+00
-8.217939649990491091e-01,1.059494524519721814e+00
-9.135509763844655851e-01,1.209508394046629576e+00
-8.272135348024969304e-01,1.123094520272220009e+00
-7.840194460180285319e-01,1.080411782919581398e+00
-7.542332116375147777e-01,9.146388204402917665e-01
-7.075160236384299139e-01,9.259547217894361637e-01
-8.284447509205126181e-01,1.114188386145342768e+00
-7.734296760199619314e-01,1.078064928710493753e+00
-9.887192892195537652e-01,1.194149323896880333e+00
-8.326540513227733697e-01,1.072218158917682906e+00
-9.982922008793266855e-01,1.330614856476504571e+00
-9.278295514949608247e-01,1.171294489003448014e+00
-9.789874019579416498e-01,1.255580238542624905e+00
-8.855262575841447159e-01,1.223907281973412253e+00
-8.781763917259199914e-01,1.144938106417533241e+00
-8.144723440165835271e-01,1.136247007265734688e+00
-7.744268582798587985e-01,1.035552652268426854e+00
-7.765337886979786219e-01,1.016721095665847230e+00
-8.382760593604610122e-01,1.099744270507820865e+00
-8.868139517874942257e-01,1.318248796467798911e+00
-8.041096782906294038e-01,1.128757668575914863e+00
-8.356303753622160713e-01,1.138240278373185532e+00
-7.999344497883882354e-01,1.115576619020784754e+00
-7.966183895936271853e-01,1.166297022945023798e+00
-8.392086765336594922e-01,1.066047235521142333e+00
-8.486177554617260199e-01,1.049662626100679397e+00
-8.210848846288349989e-01,1.144899286473002320e+00
-8.185476388974519679e-01,9.839403673707716180e-01
-7.773339744447715915e-01,1.028972177398496335e+00
-8.086017725742520312e-01,1.101996153958635816e+00
-7.139414372495416217e-01,1.045245223836769100e+00
-7.575157794593252447e-01,1.048643831753794942e+00
-7.796861537098660477e-01,1.100479576554393546e+00
-7.745032534339042485e-01,1.130167933617693521e+00
-7.732817152339137579e-01,1.132941779639712543e+00
-8.881361774575804446e-01,1.097271098404636547e+00
-9.107309021890657164e-01,1.156422656091789847e+00
-8.678607759285856815e-01,1.254611181230581352e+00
-8.305159726151734034e-01,1.110148351601968564e+00
-8.745458995576251837e-01,1.187117624922182202e+00
-9.516967997658625222e-01,1.220306385228525414e+00
-9.744692268203944963e-01,1.382660465212016909e+00
-7.460820377212744603e-01,1.137914713745329820e+00
-1.003168704626747676e+00,1.371875005984822593e+00
-8.621499873514828494e-01,1.154925423854267663e+00
-9.415877441344244758e-01,1.265950814038192540e+00
-1.058058569401722160e+00,1.463457976900174984e+00
-9.568347783944597396e-01,1.244708716861302022e+00
-1.103182217303355639e+00,1.514150471730973280e+00
-1.062704427847235067e+00,1.469617480815861299e+00
-9.729597287069360334e-01,1.334203534032722516e+00
-1.018293579010114414e+00,1.433772773461551964e+00
-9.705401909552913153e-01,1.416532985983497639e+00
-1.141580335409937419e+00,1.562873659435439322e+00
-1.056285045864252758e+00,1.477930493569844295e+00
-1.056710650338139601e+00,1.445265056505398604e+00
-1.186486227005275396e+00,1.607341790594743358e+00
-1.132464032172166846e+00,1.542099378557908906e+00
-1.209109324807372765e+00,1.580884742548266608e+00
-9.680304493187730230e-01,1.317582435359851978e+00
-1.051567969418124804e+00,1.489020677690975347e+00
-1.128050225691679120e+00,1.559339630803645349e+00
-9.944232812469069316e-01,1.384618292458100086e+00
-9.780672004482582338e-01,1.329895010823049617e+00
-9.705829301364508055e-01,1.313054358812639322e+00
-1.057065740087217431e+00,1.427062280927748006e+00
4.870078011340396529e+00,2.876053483325016202e+00
3.438210455432921364e+00,-2.100055857354457434e+00
-6.330766615848002488e-01,3.054515692519316872e+00
2.672379108415298354e+00,2.394588063535945999e+00
3.162503269747496404e-01,3.870855581678309676e-01
-2.140204295195879514e+00,4.625427271946408680e+00
-2.745963715236598990e+00,2.019320865094247353e+00
-1.076914724779248100e+00,-4.927982227734414522e+00
3.113550507333457062e+00,1.073418441782331811e+00
-4.059824970462079463e+00,3.347945629290551395e+00
-3.490722016018594775e+00,-4.279510471797665083e+00
1.755008029341786013e+00,-4.335561353879471724e+00
4.621552189675496081e+00,-2.971090510757963710e+00
-7.400800089750774191e-01,-3.012607737313295786e+00
8.208993248687290745e-01,4.081557087762309521e+00
-4.952359274423279167e+00,-1.856042421968298939e+00
3.885521937654161206e+00,-3.752044738865255358e+00
3.730923663508249888e-01,-3.526274586794198473e+00
2.524262550174059427e+00,-4.253663761554813405e-01
4.268099432183220188e+00,-1.499281017140514649e-01
-3.056680872237425461e+00,-1.393097261197990377e+00
1.576212021556453458e+00,-1.275734678510840325e+00
-1.830187322628384017e+00,-2.438615574945213194e+00
-3.989376793620902362e-02,4.987520093069459648e+00
-2.462762080796145892e+00,1.252348427947804765e-01
1.255398058166264263e+00,1.726083601836931436e+00
2.049920354690886626e+00,3.704202069686049370e+00
-3.822381198923967105e+00,1.638444989966635568e+00
-4.419988146583714084e+00,-9.787123202560268354e-01
-1.644469119788559475e+00,6.789124147677396692e-01
-1.285413902920047757e+00,1.167833059997916756e+00
-9.993279925104170403e-01,1.101493051457644867e+00
-1.394681864738156918e+00,1.311371075967519673e+00
-1.472134710273404590e+00,1.241896295989503685e+00
-1.339805080044693231e+00,1.195099957585243011e+00
-1.552795027652649651e+00,1.357602789420050193e+00
-1.361228673873498440e+00,1.170510875251054017e+00
-1.310079271054684469e+00,9.811145685580804354e-01
-1.555610677669612585e+00,1.386584162848767399e+00
-1.746039021559832705e+00,1.492790675140466483e+00
-1.677427103750471105e+00,1.540099472016262183e+00
-1.675143794950122889e+00,1.468950033131965149e+00
-1.751139608598895503e+00,1.516583092361432072e+00
-1.626779582100960742e+00,1.446761484482729010e+00
-1.389076095664106170e+00,1.273273389455658489e+00
-1.547856925961286656e+00,1.419918890300818859e+00
-1.678396180426371842e+00,1.442720746206465954e+00
-1.638456855693116054e+00,1.489836298558939731e+00
-1.407245888541273526e+00,1.240347696682480461e+00
-1.859421692165263540e+00,1.624668087122850046e+00
-1.999527232390381659e+00,1.721405100824212830e+00
-2.049242688951411928e+00,1.794527845827299295e+00
-2.079855871632446007e+00,1.827853308430884560e+00
-1.991927361967113619e+00,1.701178680898519424e+00
-1.866167068922948591e+00,1.532167750962909025e+00
-1.823280278576186575e+00,1.540878321184521837e+00
-1.921503007908602179e+00,1.675340322690833439e+00
-2.091907381227589457e+00,1.772140984905362870e+00
-2.122883903433255171e+00,1.854086859843928181e+00
-2.167689763818054338e+00,1.899967201181552490e+00
-1.837121525697676283e+00,1.651207519745915064e+00
-1.951575869636296812e+00,1.729319874577740279e+00
-2.094210078078974746e+00,1.891490301939598773e+00
-1.961081824238379401e+00,1.804631896732919571e+00
-2.008260759663483164e+00,1.808942461462873297e+00
-2.089663760611004228e+00,1.832959953300067113e+00
-2.059188841460590336e+00,1.787551776506389523e+00
-2.175862029466033132e+00,1.938563343055280441e+00
-1.998166169003456449e+00,1.693149916444048664e+00
-2.054630474676404805e+00,1.740261950284937242e+00
-2.124128564622718596e+00,1.830222644110552466e+00
-1.950730176914259761e+00,1.812664436701010295e+00
-2.024601173911059870e+00,1.756520873553575335e+00
-1.691485972946409788e+00,1.474340977145686793e+00
-1.720750976971813895e+00,1.408682947049450185e+00
-1.643787803728824048e+00,1.464120114942588202e+00
-1.632092866344041937e+00,1.369680879836092657e+00
-1.569453686490304811e+00,1.379856730893635586e+00
-1.624411001038010394e+00,1.282975007481629959e+00
-1.414646214741215768e+00,1.198298319124200262e+00
-1.530708998551642441e+00,1.343289843287949203e+00
-1.576277446571919150e+00,1.237604761199530223e+00
-1.560303702348275312e+00,1.339784720102420223e+00
-1.566358602555475876e+00,1.389684606530655842e+00
-1.599518684054153539e+00,1.427420214970187118e+00
-1.573911867034278433e+00,1.460527321740137552e+00
-1.564348196393792634e+00,1.436264383758690144e+00
-1.611135623116899840e+00,1.525293766890949421e+00
-1.576052890753456115e+00,1.396357431712251795e+00
-1.665027963564977398e+00,1.459652342675238579e+00
-1.974287430461750148e+00,1.638768361708592636e+00
-1.513589323232791717e+00,1.300743899586141339e+00
-1.627972718122183249e+00,1.336275617338980481e+00
-1.625723922793535614e+00,1.377452179646741826e+00
-1.594556864176095878e+00,1.347795643557800460e+00
-1.612403964342032481e+00,1.356702479667008632e+00
-1.914756212099966604e+00,1.642635950426089231e+00
-1.861078591339555111e+00,1.627859818757027455e+00
-1.712350762811017280e+00,1.427243255858635429e+00
-1.586287778824701622e+00,1.380296343689945360e+00
-1.550277180324736825e+00,1.413226430915804244e+00
-1.895927600775770383e+00,1.617282160497933496e+00
-1.597257021387080034e+00,1.363235002988280264e+00
-1.705323153442943163e+00,1.373212027193338791e+00
-1.813020901112369465e+00,1.580501165260158380e+00
-1.850542886090393413e+00,1.606894038444320216e+00
-1.850151033349356045e+00,1.624542595265734413e+00
-1.525832008152118835e+00,1.319809733293362264e+00
-1.559508143782417200e+00,1.320645265082042386e+00
-1.477659704729600953e+00,1.249872134477385544e+00
-1.471391738797227067e+00,1.193691837993009486e+00
-1.520858631174189401e+00,1.314578996087379714e+00
-1.436281983587305966e+00,1.263745794092711705e+00
-1.570970388201135659e+00,1.406968881917938674e+00
-1.911742794399547307e+00,1.559734027029450409e+00
-1.549399673854420900e+00,1.334833907268170528e+00
-1.498645868150157323e+00,1.218331230694014167e+00
-1.900189494583506722e+00,1.743589024772279394e+00
-1.867192480368160101e+00,1.745714579044904902e+00
-1.436753911003149753e+00,1.178990705648416792e+00
-1.523812531288700090e+00,1.399422597793185119e+00
-1.723432425500092791e+00,1.395095394717510651e+00
-1.472983757253405912e+00,1.313061751285018453e+00
-1.907654969203949502e+00,1.730578842366789161e+00
-1.908242340173451179e+00,1.646723662676579103e+00
-1.806227684300967695e+00,1.555419975458960380e+00
-1.933513423308004686e+00,1.569163939729648405e+00
-1.900699463315313587e+00,1.655031550855796674e+00
-1.447377787765949275e+00,1.154255105998371889e+00
-1.633320944790197959e+00,1.277289152286883223e+00
-1.567132553049094934e+00,1.403463380334994071e+00
-1.905966528658473269e+00,1.605978850542727265e+00
-1.514031319919051821e+00,1.289019251056886972e+00
-1.455387187292625395e+00,1.221283487547726310e+00
-1.435286150156902973e+00,1.287319612564118643e+00
-1.274035129091311447e+00,1.036149487751889531e+00
-1.250659402223423644e+00,1.049887371148825466e+00
-1.370963965491993175e+00,1.173239892617196745e+00
-1.305547967032800294e+00,1.010309152608553696e+00
-1.336826453913872559e+00,1.051153576679382695e+00
-1.812528276344853140e+00,1.668134523970543626e+00
-1.499140760459071853e+00,1.364583544641519097e+00
-1.803335091459106643e+00,1.614701060310296477e+00
-1.928051100480567381e+00,1.697183324349351707e+00
-1.870426918091865787e+00,1.585222448281938590e+00
-2.141836598366228639e+00,1.910683644403217585e+00
-1.561264898537391588e+00,1.314917501176855907e+00
-1.580833151085579313e+00,1.446931389052997119e+00
-1.413968508692112103e+00,1.215598145688313814e+00
-1.288459138870083454e+00,1.064322244471584966e+00
-1.303717257141880470e+00,1.122591519542223359e+00
-1.518043707828641953e+00,1.245804967010185393e+00
-1.344606337258132278e+00,1.020101741648868909e+00
-1.162375262412406407e+00,1.009927922013642565e+00
-1.435487961260266232e+00,1.165752130363902239e+00
-1.409353968796695611e+00,1.249768006638213080e+00
-1.433877173622318146e+00,1.237258299653667848e+00
-1.361217987955974262e+00,1.145978808244145775e+00
-1.250583067612829780e+00,1.028789254596257585e+00
-1.322788813447701273e+00,1.072151798713120385e+00
-1.430798954539542311e+00,1.151976369538612488e+00
-1.485168676600521653e+00,1.239489315798996572e+00
-1.453015846959844648e+00,1.265693612064354490e+00
-1.411247356160974409e+00,1.244154345872523493e+00
-1.420151024442554810e+00,1.202476507603718048e+00
-1.458986704733314266e+00,1.248841056148512152e+00
-1.391760112343880085e+00,1.110764727029714294e+00
-1.317603451954189708e+00,1.211971350329878128e+00
-1.276689641328297320e+00,1.084448734831261696e+00
-1.086539849420995463e+00,9.991282777949894722e-01
-9.118070967302935870e-01,8.305717483913541699e-01
-9.345004202071773847e-01,8.711305193290774795e-01
-1.060663411307356530e+00,8.412753582045340295e-01
-9.836253486061767859e-01,6.940108732259000490e-01
-7.252243401497304731e-01,4.613826286358833073e-01
-5.694030803353244963e-01,2.602792368118853616e-01
-6.649983454688177531e-01,5.154338821953752259e-01
-6.569943383163892037e-01,5.708081012200461046e-01
-5.638449053393213006e-01,3.904765009693438316e-01
-6.877871639059467412e-01,5.317291930823344615e-01
-8.686365071551884753e-01,7.277691853013941170e-01
-1.063792446404968395e+00,7.357590049760407425e-01
-8.056798723427363029e-01,6.174423846076155797e-01
-9.029564053195979767e-01,7.467261451964377628e-01
-9.726546194568888026e-01,6.558267687893613029e-01
-9.360788521824590092e-01,8.350743716949136086e-01
-9.382887935262349544e-01,7.942970947689698136e-01
-9.467263059898574085e-01,7.570144669715093144e-01
-9.730430755374559482e-01,6.845012391788127815e-01
-8.999367877672597160e-01,7.168899872845946319e-01
-8.587336606255933091e-01,7.590363140127323049e-01
-8.061475742616162066e-01,7.102120486214165140e-01
-7.242734283248868365e-01,6.297203981474037704e-01
-7.318232201476879695e-01,6.400218770069070473e-01
-9.352239284002852315e-01,7.154621485261252190e-01
-9.470229325551020594e-01,7.304354239487196310e-01
-8.081432499544067838e-01,5.669878348828740755e-01
-8.506157378900827126e-01,6.601095928681850467e-01
-8.912887469038501820e-01,6.943136837458032673e-01
-7.406015574053164130e-01,6.624993978576751985e-01
-7.905486938209458359e-01,5.722616253226124883e-01
-7.472809381946134977e-01,5.693810989510215137e-01
-8.287455034950363952e-01,6.719585626469370965e-01
-9.601287067092059146e-01,7.859844911855837779e-01
-9.174783904246552879e-01,7.411336335718008428e-01
-1.055426619536383726e+00,8.306591090103312425e-01
-1.040959002263148747e+00,8.139205949794217076e-01
-9.927145707099782612e-01,6.887030826765769831e-01
-9.587406637208486515e-01,8.144191875413770987e-01
-8.685784849673439112e-01,6.817152165453101986e-01
-8.175825345641385411e-01,6.661407394212650601e-01
-8.138794670030078393e-01,6.330045472747194424e-01
-8.386245402573653251e-01,6.693230726948637965e-01
-8.621982315923402140e-01,7.607139587339704079e-01
-9.653437502617210342e-01,7.924746647454359305e-01
-9.809782644303730592e-01,8.135833732354136316e-01
-9.628824072611221752e-01,8.083498058665572472e-01
-1.063860583411289973e+00,8.053047152506085382e-01
-1.092882389666411935e+00,7.500782882598606705e-01
-1.050889564384601904e+00,8.626019627255763211e-01
-1.111791868959193241e+00,8.557206243650803401e-01
-1.099601185760588073e+00,8.767996291267756703e-01
-9.780564576762493800e-01,8.429293508284176895e-01
-9.996942321959334521e-01,8.818202131679928613e-01
-1.011850812229585728e+00,9.264521905248015443e-01
-1.136297774251280313e+00,8.450871609200305556e-01
-9.974084748648905929e-01,8.827529725896514634e-01
-1.014056623935667645e+00,9.301657192343455449e-01
-1.064726672948665964e+00,8.274900184835534134e-01
-1.012470811236187096e+00,8.525573562695951679e-01
-9.742879826392147891e-01,7.898318308871719040e-01
-9.175847869796704970e-01,7.436200316676568889e-01
-9.723493383012229430e-01,8.431933619115508094e-01
-1.054109295851105799e+00,7.752314198787662036e-01
-1.009437752808391764e+00,7.268375129834367954e-01
-9.674947259211021944e-01,7.373423460729577883e-01
-9.631743273998498722e-01,8.338129704979735379e-01
-1.020414184091837928e+00,8.692369868418259315e-01
-1.049225282062558939e+00,8.446289912281468304e-01
-1.065628272308919655e+00,8.285071813297921750e-01
-9.904317854403359433e-01,8.090790048676783641e-01
-1.112184603827839346e+00,9.045618796847492149e-01
-1.192773076139336474e+00,9.829645737420369400e-01
-1.043466944205105662e+00,8.668247360893328590e-01
-1.178074467293170002e+00,9.993025202809215912e-01
-1.227941493317605826e+00,1.030524190188074840e+00
-1.178433513920897902e+00,8.645950831340698528e-01
-1.084759523721834373e+00,8.697173190120714992e-01
-1.055057064300891412e+00,8.525363720045824323e-01
-9.508184039778484475e-01,8.407905832462194695e-01
-9.797958984303303254e-01,7.745694715119242346e-01
-1.139734333831242452e+00,9.337175380027424865e-01
-1.080791546861297192e+00,7.914150760490992198e-01
-1.184602110955004228e+00,1.002676771965092861e+00
-1.173177218858768356e+00,8.716755872716586140e-01
-1.194152316325864049e+00,9.265298071355223541e-01
-1.064026996911924261e+00,8.343612706596452711e-01
-1.208389989294329503e+00,9.828829304537345379e-01
-1.225898338386920194e+00,1.055607467315123671e+00
-1.195483251596663798e+00,1.051921698835469599e+00
-1.223641631862250279e+00,9.925650496305769011e-01
-1.176770951817185384e+00,1.019296498340541923e+00
-1.158555714677467208e+00,9.968275677366698062e-01
-1.186965279985784605e+00,9.462765070103484888e-01
-1.233173107231391175e+00,1.089933288840088110e+00
-1.235280691035587353e+00,1.052011419006878334e+00
-1.248428268521238671e+00,9.823120285289332898e-01
-1.259786241417672592e+00,1.039824101439145387e+00
-1.231879154078586502e+00,1.015328291376413006e+00
-1.296185500837265359e+00,1.011971138568263484e+00
-1.149926152516854927e+00,9.553435607253026873e-01
-1.308691742914227962e+00,1.033708740741357879e+00
-1.227917824370785560e+00,9.799889260956051729e-01
-1.279905395523228240e+00,1.039960603447490861e+00
-1.191486413248243004e+00,1.015936436998696735e+00
-1.281480186438165969e+00,1.035152466529398296e+00
-1.187293446427299060e+00,9.867776058418007423e-01
-1.269461697257491917e+00,1.033467843601250102e+00
-1.226115624632795331e+00,1.023743180983268886e+00
-1.359124948073186623e+00,1.066854953278256524e+00
-1.238852502319278681e+00,9.911359561735473278e-01
-1.330032917093534994e+00,1.077741315298911928e+00
-1.373656282774363024e+00,1.112135471030941680e+00
-1.239273526892916699e+00,9.750930208787291775e-01
-1.305260136932632875e+00,1.024928960293973290e+00
-1.288366551397908566e+00,1.002389273587036556e+00
-1.326290916903109629e+00,1.068039234532377257e+00
-1.305355461986135612e+00,1.128351724839422587e+00
-1.233082021793673100e+00,1.044982784934388675e+00
-1.339764862602424333e+00,1.050465857861527574e+00
-1.359170438525844737e+00,1.114185909978788303e+00
-1.283629813035120470e+00,1.048131869916374193e+00
-1.342876646771626437e+00,1.124705990295746361e+00
-1.348268823359311419e+00,1.076316016832100431e+00
-1.368854340264063385e+00,1.162508221967617494e+00
-1.279344317325310953e+00,1.112065734021777885e+00
-1.362273938268707241e+00,1.088588926656938405e+00
-1.291459436677697248e+00,1.024510443220993494e+00
-1.285591781843515413e+00,1.132985825243146394e+00
-1.298345434891910344e+00,1.063326125808352174e+00
2.221939803107815692e+00,-1.955311901152740894e+00
-2.403364508432190405e+00,7.890458475543944417e-01
-1.174516721302279354e+00,1.789497868318665752e-01
2.328353584515134855e-01,3.864611902072805805e+00
3.679530204406217919e+00,-2.963433030442970129e+00
-3.914254035120024344e+00,-2.343953276548726983e+00
4.317368303952621389e+00,3.357168404231591907e+00
2.502201175252130483e+00,-3.136942489317378513e+00
4.449330952561279418e+00,-4.980711236432154188e+00
-1.026707085770635075e-01,1.152453222166910152e+00
3.029867948973089753e+00,-1.889275915928116945e-01
6.529685769651312199e-01,-3.838530917790314856e+00
-1.689903693291052722e+00,4.546508558518864263e+00
-3.078967669322865142e+00,-4.096018926544283900e+00
-1.624197763014709306e+00,-4.454260769158612021e+00
1.444768494706826445e+00,2.939119089896450987e+00
-9.968552921258142518e-01,-1.628316419202616494e+00
1.207698847321408309e+00,-1.099564007844784363e+00
-4.457403350999871172e+00,4.872687241905950373e+00
4.801054635678603688e+00,5.023714489587742804e-01
7.391835570679203826e-01,1.995541152308453192e+00
-4.132104892153265041e+00,3.138081221830336887e+00
1.716617991996047365e+00,1.370039657855625315e+00
-2.856449769776223668e+00,-2.316110699005561990e+00
-2.279607835172426711e+00,-7.635205147454113828e-01
2.762062903355562149e+00,2.114730565431827358e+00
-3.374993059880685209e+00,2.654152676258099142e+00
-4.824696056112189879e-01,-3.380687782961704357e-01
3.518450763050807950e+00,4.315465024563994945e+00
-4.830118854136833839e+00,-3.540627612311745054e+00
-1.358020465530394016e+00,2.010429405474816633e+00
-1.480720888207600616e+00,2.213151084313865979e+00
-1.053411596053254407e+00,1.678757649074081648e+00
-1.154430182858799281e+00,1.602582266263229194e+00
-1.013547324082036738e+00,1.572850148517933810e+00
-1.097353095671738998e+00,1.651709672655340633e+00
-1.085841604868706956e+00,1.649937882717805948e+00
-1.099589196575234684e+00,1.704868197521522966e+00
-1.195617504470253500e+00,1.584314349828538582e+00
-1.043290711118896041e+00,1.715546509620311966e+00
-1.129234181290360794e+00,1.646311462759869393e+00
-1.164164961647995433e+00,1.664190219525524483e+00
-9.589357523809933781e-01,1.412683270922440393e+00
-1.173609158458503110e+00,1.653536887133172151e+00
-1.123078638231953530e+00,1.786875163537823497e+00
-1.217928255876711496e+00,1.796549912280075212e+00
-1.165148659131530984e+00,1.719765548610123318e+00
-1.122247046089163369e+00,1.815931969384569022e+00
-9.054688174482574681e-01,1.374143381760352334e+00
-1.029225869315606445e+00,1.490734536383419240e+00
-1.186573551026900653e+00,1.702781760748043993e+00
-1.188635446290052577e+00,1.821018047903351089e+00
-1.159047418295982013e+00,1.775504278432510574e+00
-1.173061159312732471e+00,1.825968831030114536e+00
-1.212438384849239270e+00,1.715104765919055474e+00
-9.519589384158599898e-01,1.506086097183144901e+00
-9.313789226258686327e-01,1.381218633269302387e+00
-9.651829866155789972e-01,1.440295493407775851e+00
-1.023270312687647454e+00,1.407393194675207404e+00
-1.137604837297389260e+00,1.707441006434899933e+00
-9.851485549029481703e-01,1.399565889280268927e+00
-8.962454039565308506e-01,1.439911182307584525e+00
-1.188681301421286030e+00,1.716800136461765547e+00
-9.369197855654745055e-01,1.437944944076484433e+00
-9.468276528414847348e-01,1.344334053167398402e+00
5.000000000000000000e+00,-5.000000000000000000e+00
5.000000000000000000e+00,-5.000000000000000000e+00
3.919179743307404706e+00,-4.138748562461262992e+00
3.826944362096302399e+00,-4.177974060455910355e+00
3.649443357483843187e+00,-4.107151904426551425e+00
-1.315657228281865265e+00,1.958758458544932246e+00
-1.369751683589203850e+00,2.033593509000622745e+00
-1.466558659167715550e+00,2.088449212631702245e+00
3.988275244717776502e+00,-4.063359128251737395e+00
4.041118878434607709e+00,-4.277977675315467465e+00
4.046590159106731477e+00,-4.347213095948352368e+00
4.034073940794071333e+00,-4.267804822682737864e+00
4.111069303161713151e+00,-4.311817748995260935e+00
3.829737736472521803e+00,-3.901340708710542060e+00
3.715729747473961453e+00,-3.748939822105874065e+00
3.621299421833469978e+00,-3.584351887771424217e+00
3.756876665436074347e+00,-3.661800278281234888e+00
4.186869814178217908e+00,-4.522750433742671383e+00
4.048168601186088011e+00,-4.347079097451955754e+00
-8.158558162667448599e-01,1.401804897759269863e+00
4.047094472096562257e+00,-4.416720125919324502e+00
4.101137258048566991e+00,-4.575976230448834059e+00
4.128159505668985929e+00,-4.687085463518909201e+00
3.992521172399250418e+00,-4.468228913920301082e+00
4.255163124337203229e+00,-4.772783840990721949e+00
3.895002813508586570e+00,-4.332982038176228734e+00
3.798356096493826328e+00,-4.086312507915374148e+00
3.747662109034553879e+00,-4.067331360389517592e+00
3.672268631399024486e+00,-4.027960345466318870e+00
3.588264286190643304e+00,-3.957897106494560724e+00
3.656661191180143433e+00,-4.164302335915925468e+00
3.900449215899737254e+00,-4.031448755061011191e+00
4.138929783168233456e+00,-4.506163134122832759e+00
4.097787030332343150e+00,-4.394793639549464892e+00
4.344015614862353658e+00,-4.822391094913548670e+00
4.311869593880768292e+00,-4.670487445701509976e+00
4.042553413681902796e+00,-4.366433408826002172e+00
3.855520449183108767e+00,-4.009213586788177075e+00
3.939243884957356556e+00,-4.308707096334424946e+00
3.833196588437360219e+00,-4.116402045042643287e+00
4.089809010731013217e+00,-4.273426566786739045e+00
4.147983661542761880e+00,-4.389685743837121734e+00
3.726768128889158760e+00,-4.081836407856755500e+00
3.679608151556706730e+00,-4.072711330685439002e+00
3.422203323479681814e+00,-3.913533797781136414e+00
3.386354614145814068e+00,-3.879030878076922040e+00
3.450355438350982240e+00,-3.877908511945228121e+00
3.390984509497611654e+00,-3.844778465009222046e+00
3.508459637497452377e+00,-3.745894826325488758e+00
3.323704881255162391e+00,-3.520451522254236298e+00
3.334786054088272778e+00,-3.631011451133585588e+00
3.424896955182742175e+00,-3.666927751171827676e+00
3.471451558364339718e+00,-3.895970406426928268e+00
3.471387763452579378e+00,-3.805679864625338471e+00
3.438070494551361378e+00,-3.858783079377342329e+00
3.483631297513889891e+00,-3.883991429391134620e+00
3.445931955740260122e+00,-3.900938448730861374e+00
3.516235895023992697e+00,-3.917918139977073277e+00
3.632851829600914684e+00,-3.938983140087169765e+00
3.578167827709513915e+00,-3.810836025157552154e+00
3.639293527129801475e+00,-4.138583247571103740e+00
3.645187106710519487e+00,-4.034318107377863782e+00
3.704926920898913068e+00,-4.108364000048098319e+00
3.645095323655349162e+00,-4.017583365002926676e+00
3.907437970498252255e+00,-4.093397522968315272e+00
3.974120148082933568e+00,-4.127241750876777360e+00
3.694348034304969275e+00,-4.100225405310595761e+00
3.646015808055759422e+00,-4.174551212776113296e+00
3.645226452348458324e+00,-4.135253843386409223e+00
3.596819007260418033e+00,-4.257437008258859734e+00
3.649584613002543776e+00,-3.904206477258385988e+00
3.763714385664815865e+00,-4.220871811216061253e+00
3.691320454227250636e+00,-4.066305536034455770e+00
3.741373218032384429e+00,-3.950122983028323098e+00
3.753499908774170279e+00,-3.986428908241340441e+00
3.751679869775353282e+00,-3.937202823401443119e+00
3.755601375188222235e+00,-3.937311413710128161e+00
3.875069037182486298e+00,-4.463892484685633377e+00
3.958822041973867556e+00,-4.956415334498163183e+00
4.106397096024625881e+00,-4.961069166219590265e+00
3.709388627782759684e+00,-4.273461756721321336e+00
3.685152254319332243e+00,-4.306992922123696665e+00
3.784038054213885616e+00,-4.330347127406249719e+00
3.707934248282864331e+00,-4.258637107318261172e+00
3.668244366442653615e+00,-4.245666189726424733e+00
3.823313947169408422e+00,-4.413392164386561234e+00
3.790556641476372945e+00,-4.399715213474562070e+00
3.776871542131409853e+00,-4.338050131783831809e+00
3.750130213821998737e+00,-4.322449508661982520e+00
3.713524855350412324e+00,-4.398532510565838827e+00
3.718533944166637184e+00,-4.703752053540765310e+00
3.687095557777038124e+00,-4.499570704049675740e+00
3.724673847892189471e+00,-4.568213644997812573e+00
3.769899964081069754e+00,-4.368202597047069702e+00
3.808110909255454146e+00,-4.399681340853844880e+00
3.717311947199181787e+00,-4.352155996369530655e+00
3.731464687612701780e+00,-3.938126126586158904e+00
3.819998652782045312e+00,-4.038320251057465171e+00
3.770415135894445768e+00,-3.868514552739360290e+00
3.903227186890191547e+00,-4.127427896764794824e+00
3.884029756872154238e+00,-4.357194896127056793e+00
3.598110717850550699e+00,-3.996435568328956300e+00
3.580190961509771341e+00,-3.907554187442052296e+00
3.561955666609682325e+00,-3.917716138021140715e+00
3.721533911822236362e+00,-3.908268534173167996e+00
3.589650858182443116e+00,-3.913475168599182652e+00
3.589483313125668928e+00,-3.883271817606912535e+00
3.634660790111848172e+00,-3.925135237199502747e+00
3.504150832691074413e+00,-3.855868095824280584e+00
3.584962510721567241e+00,-3.812972259584674894e+00
3.448025483835563065e+00,-3.736780801607956004e+00
3.517452803027607544e+00,-3.767204688331592166e+00
3.707146524529989051e+00,-3.884974471990293221e+00
3.431574657094502712e+00,-3.725468211284933329e+00
3.556005772011605615e+00,-3.811724258984242386e+00
3.531248533456658123e+00,-3.754415618263662324e+00
3.658342522567032518e+00,-4.002526875853336996e+00
3.687519800948773963e+00,-4.004405724501208574e+00
3.785867094077008943e+00,-3.977870295470433248e+00
3.616884829603538520e+00,-3.904849632672578785e+00
3.536074494395739620e+00,-3.785945014598404157e+00
3.548410497974819222e+00,-3.880275612432982690e+00
3.857181931177960266e+00,-4.153326997861230829e+00
3.875373211940695839e+00,-4.250561658701435874e+00
3.916938847127948264e+00,-4.359281835726570797e+00
3.836814681526904636e+00,-4.313246708350587433e+00
3.968509613080945186e+00,-4.280099863601689592e+00
3.912060923421067926e+00,-4.376542262808326811e+00
3.648988388727790522e+00,-4.021378030420686756e+00
3.619967655816569874e+00,-3.946698109103666585e+00
3.580139257860667001e+00,-4.017175029477586534e+00
3.642136828639090496e+00,-3.952193867627242341e+00
3.587676230572746761e+00,-3.937408496144959358e+00
3.541198489407728189e+00,-3.886110706050219576e+00
3.647407314897096242e+00,-3.907948271679114516e+00
3.628259925759252269e+00,-3.972521915640228052e+00
3.535199141859701299e+00,-3.948616452065709659e+00
3.522347744999290597e+00,-3.949595079683948295e+00
3.584595955950906188e+00,-3.899196837601675902e+00
3.585193700763401381e+00,-3.967284333193378032e+00
3.567569900070791888e+00,-3.982264487279037812e+00
3.491673889277445042e+00,-3.920222460158540922e+00
3.420219487678801684e+00,-3.850144185428184596e+00
3.497770983652955579e+00,-3.910117997133488288e+00
3.425192210741702326e+00,-3.801790291061274196e+00
3.368141877827445896e+00,-3.939264679167475691e+00
3.447043284142711883e+00,-3.861910862256205945e+00
3.353838480153987334e+00,-3.798427251349579592e+00
3.362280109980250842e+00,-3.936574518631093866e+00
3.361535853566650189e+00,-3.739059499365269268e+00
3.372434661942648404e+00,-3.922209017565948308e+00
3.414630021040352403e+00,-3.778969839277458220e+00
3.474152609212142195e+00,-3.778076294926027145e+00
3.376209975583698508e+00,-3.691501572236476125e+00
3.290037872882519920e+00,-3.688108112655642312e+00
3.240831937093185289e+00,-3.656594209859608924e+00
3.320075729412529597e+00,-3.523591029618012627e+00
3.275682481187162765e+00,-3.561947356578017754e+00
3.295313213194509316e+00,-3.498055424560164717e+00
3.289015573418001992e+00,-3.618234031841433662e+00
3.342091449858587637e+00,-3.588329499619758778e+00
3.294925918936842280e+00,-3.721075737745672463e+00
3.272071056590107219e+00,-3.743155125254030491e+00
3.294403171953041110e+00,-3.656314527266936842e+00
3.399505001532098447e+00,-3.655287891126771438e+00
3.271815558208281516e+00,-3.685994911672231922e+00
3.212994506460221444e+00,-3.640158687327558873e+00
3.238638539789320703e+00,-3.727920745137369707e+00
3.192450106266512933e+00,-3.652330516865794685e+00
3.213904355036593330e+00,-3.737300199349899543e+00
3.235355693541588806e+00,-3.606487811674497834e+00
3.202355405099892138e+00,-3.622126690733528775e+00
3.226219837017934466e+00,-3.576180042740301879e+00
3.172575423100120418e+00,-3.508740856788721274e+00
3.147017860948434276e+00,-3.452158421626621898e+00
3.175688719956285766e+00,-3.499207327133651013e+00
3.263368841508590634e+00,-3.744042857003413438e+00
3.288900652889987342e+00,-3.791305210439106510e+00
3.317226243653276896e+00,-3.602675403654481467e+00
3.196592809923895828e+00,-3.519668566236023644e+00
3.216692570852616839e+00,-3.545218795350776109e+00
3.129384624476786669e+00,-3.494143303019426661e+00
3.116924219047293221e+00,-3.507815228172467048e+00
3.185653158082855541e+00,-3.438362940078985019e+00
3.173670505980044965e+00,-3.477018740073287262e+00
3.256637394812241126e+00,-3.502799169657848211e+00
3.149551514124972584e+00,-3.338255879847282337e+00
3.174020255237389065e+00,-3.448821620618831574e+00
3.307552135146234917e+00,-3.520970844986026194e+00
3.255668261427672405e+00,-3.662068899984824988e+00
3.236752822698159449e+00,-3.622198955314521740e+00
3.200632673254036220e+00,-3.620506815888444585e+00
3.275951394714169851e+00,-3.600229854501767246e+00
3.267669103469700076e+00,-3.606355717577703679e+00
3.233058810984433151e+00,-3.592606333074026104e+00
3.151381268389997103e+00,-3.545716284218213055e+00
3.274401066513684455e+00,-3.659491114735493156e+00
3.234988774015096880e+00,-3.761849878730530783e+00
3.247297156121717876e+00,-3.603308433270534294e+00
3.284406378926988168e+00,-3.650133226877136927e+00
3.200814048424735603e+00,-3.636823161589872733e+00
3.142943077171512556e+00,-3.529462425329504605e+00
3.194007514645479162e+00,-3.665649276593746286e+00
3.063220385306998139e+00,-3.493109279503947562e+00
3.065132275301376552e+00,-3.584341237754628651e+00
3.092812997755260085e+00,-3.445103682965455327e+00
3.184674688935256626e+00,-3.723117949150038797e+00
3.163860063477368811e+00,-3.746258262895143076e+00
3.166873592825849570e+00,-3.657551000978736866e+00
3.075450241427706288e+00,-3.529284059846951038e+00
3.095457890124155398e+00,-3.581655735841842159e+00
3.190075700523070878e+00,-3.752438434874164397e+00
3.188025873434282786e+00,-3.721665779742748370e+00
3.154338363535545753e+00,-3.604688704537172939e+00
3.031478505340524876e+00,-3.566804222113601597e+00
3.175669683598766113e+00,-3.707581292936735551e+00
3.118904760542687171e+00,-3.642865297145064574e+00
3.134078872616829159e+00,-3.760817303050206561e+00
3.060191946050279554e+00,-3.598594703470411105e+00
2.965291882106715349e+00,-3.624768302611314219e+00
3.028958591826826918e+00,-3.521616719111364091e+00
3.077590624733607783e+00,-3.701194946971790856e+00
3.168582949644124014e+00,-3.864293053349336482e+00
3.160132940636767529e+00,-3.845695492447921193e+00
3.075349105985210940e+00,-3.564906859483769175e+00
3.000592852619735851e+00,-3.564958360462780806e+00
3.105128891690696946e+00,-3.802959705840747162e+00
3.062952149552401693e+00,-3.739601039523498649e+00
3.147738362416177438e+00,-3.554691395459393721e+00
3.211062732247402352e+00,-3.543958448089982838e+00
3.224150103842118753e+00,-3.655562470330338876e+00
3.147998870363581503e+00,-3.603076236282350742e+00
3.217224036793721709e+00,-3.708894853984673112e+00
3.380598076296518428e+00,-3.624110006174335652e+00
3.306259422494527200e+00,-3.572313453708671815e+00
-2.925272987787601586e+00,2.145635328081959337e+00
3.191038998671148263e+00,4.584564087552331912e-01
-2.256768253629602317e+00,-3.631976061976592174e+00
-3.551281529434731965e+00,1.414717571807912577e+00
4.735551776465658946e+00,-4.046752885433099856e+00
-1.213104140767723216e+00,6.983749632486713210e-02
-4.126019321110550919e+00,-2.014024054218706450e+00
-1.779871867181483935e+00,4.154287240118797797e+00
3.484415174980096452e+00,-1.620666646662531907e+00
2.572421938596249902e+00,-3.209453398017616976e+00
-4.518283673815704837e+00,8.127009325523646410e-01
1.306022622787797793e+00,1.067615437075600582e+00
4.494422755364745115e+00,2.475914762974431582e+00
4.166568512632276011e+00,-4.950425140926831169e+00
-1.472048963053547599e+00,-2.495760254322061833e+00
-2.480821087004052572e-01,1.944371458320400592e+00
-3.287272136401707456e+00,3.151234424279977020e+00
3.787607360640166121e+00,-2.800046657161299191e+00
-4.585903853665564966e-01,2.984157391171667228e+00
3.701847132791904471e-01,3.380796765796947767e+00
2.035465358840863104e+00,-3.335310844685670517e-01
-3.693057627524648723e+00,4.472404362056744631e+00
-2.604872936098964420e+00,-1.279428662811404216e+00
9.784967573669849372e-01,4.687988266860676490e+00
-4.749655450693973435e+00,-1.813736859692403058e-01
1.616457535926667077e+00,3.673131003403902639e+00
2.938500133689960769e+00,-4.417980077012913398e+00
-8.989927334439116180e-01,-7.671237158982009419e-01
1.813390074690783393e+00,-1.797425001059704819e+00
2.419818174594201565e-01,-3.848725370449081140e+00
2.276699141481913991e+00,-4.054172917408449983e+00
-4.859982244751710923e+00,5.000000000000000000e+00
-2.769379803161106768e+00,3.450638734653741935e+00
2.417552143914893925e+00,-2.877725670447704776e+00
2.403601566430470626e+00,-2.823884241454458266e+00
2.571995998372963221e+00,-5.000000000000000000e+00
5.000000000000000000e+00,-1.981715696643279845e+00
3.071066382749295443e+00,-3.045695340144090490e+00
-2.359457079514769795e+00,2.634970696312705307e+00
-2.194875507469109532e+00,2.355942513906473579e+00
-2.615765868164567465e+00,5.000000000000000000e+00
1.241849079091320363e+00,-2.127902780717245257e+00
2.992129953756071714e+00,-3.523903250375838958e+00
-5.000000000000000000e+00,3.138747230277017408e+00
-1.894446667576323851e+00,5.000000000000000000e+00
-2.943159499461141859e+00,3.437159808072292932e+00
2.835764382786396531e+00,-3.562676527007309968e+00
-2.828397591539919098e+00,3.313814805702175903e+00
2.971920726910097343e+00,-3.480156562812451781e+00
2.928349402795866752e+00,-3.417624881020119076e+00
-2.880681035566015513e+00,3.383282882372178335e+00
-2.826433814905525033e+00,3.417193917815238180e+00
-2.906015871029595132e+00,3.276527284096356851e+00
-2.955858260249962122e+00,3.272209940506185077e+00
-2.908755733275354860e+00,3.384907010827795659e+00
-2.678750719945890868e+00,3.333951928156661637e+00
-2.650685563380593024e+00,3.185848679165262709e+00
-2.646118305982159580e+00,3.158446026933441786e+00
-2.639487143135666347e+00,3.240522063095102823e+00
-2.626702087389043871e+00,3.244087254335244808e+00
-2.711153847124087690e+00,3.242914416779751008e+00
-2.596307207066714362e+00,3.313729315945002085e+00
-2.795759781715553949e+00,3.133359043442990099e+00
-2.798293588325401871e+00,3.074187236263023593e+00
-2.826133138403066791e+00,3.136743473595993592e+00
-2.865218893388623123e+00,3.196797283783942234e+00
-2.690854742212002826e+00,3.079980503960845439e+00
-2.855193925219084328e+00,3.165860493830113143e+00
-2.771799741558881980e+00,3.145811983984669880e+00
-2.820723427141316630e+00,3.082643001120352722e+00
-2.725566485783470938e+00,3.100200674976360204e+00
-2.656988202309638503e+00,3.057529746763011147e+00
-2.914251335855433833e+00,3.143276497567866201e+00
-2.868935778965868266e+00,3.068181833205317233e+00
-2.720004196391920370e+00,3.078965179618881720e+00
-2.766131969490332576e+00,3.066574536888120761e+00
-2.734452073172211506e+00,3.096401649260187128e+00
-2.695442545392979117e+00,3.088982523384290246e+00
-2.674887633096370454e+00,3.101272334910433415e+00
-2.750804971522859521e+00,3.071456757014397354e+00
-2.736785532345953786e+00,3.059074190304206908e+00
-2.781221469669346469e+00,3.004179433235096397e+00
-2.645977054144516671e+00,3.017492178362186195e+00
-2.878886145703023924e+00,3.202871941142316103e+00
-2.912854970399752386e+00,3.326715666732910748e+00
-2.943863476732768270e+00,3.348841479000229882e+00
-2.905738026385713990e+00,3.219405500395190245e+00
-2.755564332577324471e+00,3.323651316554975921e+00
-2.886778100799238356e+00,3.134328941858498752e+00
-2.903789685690636890e+00,3.291797170693715913e+00
-2.965779439280101126e+00,3.195335364874567929e+00
-2.913719095275766779e+00,3.265044922440413444e+00
-2.875129240825226695e+00,3.079989397074381685e+00
-2.786672383805528064e+00,3.028347282393102802e+00
-2.995419217233066700e+00,3.323771790291221606e+00
-2.941766149600142821e+00,3.139511301395170761e+00
-2.859233329285644665e+00,3.126224566812744854e+00
-2.869126149276353566e+00,3.278382756055869152e+00
-2.734812193539964298e+00,3.024619925658809549e+00
-2.838165614496678923e+00,3.321760973889082535e+00
-2.761841866905487386e+00,3.365844041731362424e+00
-2.845417851968999212e+00,3.310315502553111244e+00
-2.865784301183375682e+00,3.074745935476645542e+00
-2.779594445309617079e+00,3.031108822540547365e+00
-2.755885204826027834e+00,3.050412310280133710e+00
-2.878300298700983806e+00,3.338331597418068952e+00
-2.895644209374610867e+00,3.087795213133430750e+00
-2.815980500346045190e+00,3.071950510206974627e+00
-2.878524560589545533e+00,3.017469843323656420e+00
-2.854787721056537109e+00,2.997866326279627458e+00
-2.733218300921258948e+00,3.113410381182655229e+00
-2.893302488054863453e+00,3.020366530547233808e+00
-2.762901497158864572e+00,3.048932394452204875e+00
-2.781880482272169441e+00,3.004525763761318302e+00
-2.793571817307533678e+00,2.946726480556682404e+00
-2.744883541186700526e+00,2.917917008213507302e+00
-2.847247371424299178e+00,2.985954373383736815e+00
-2.911716593627428740e+00,3.113246590663363733e+00
-2.697431503108795425e+00,3.055209535967337686e+00
-2.840674361289894811e+00,3.031915833782521830e+00
-2.714195724572312063e+00,3.012763609150077571e+00
-2.685743431850752927e+00,3.194277582215574895e+00
-2.638582834508558683e+00,3.162704265655865044e+00
-2.686337390123800350e+00,3.295066749884872692e+00
-2.841814375431870765e+00,3.288187758243719117e+00
-2.691060886968392296e+00,3.125790918271093233e+00
-2.659890805472155506e+00,3.200954840100257215e+00
-2.664615368721421795e+00,3.104465009110354501e+00
-2.676007598055714531e+00,3.203324349951325090e+00
-2.656933094107905458e+00,3.248935513290987842e+00
-2.716168539431360163e+00,3.271683612478483383e+00
-2.615586805567504225e+00,3.223554998119388060e+00
-2.654937295320742408e+00,3.063858419798087596e+00
-2.637144172505672568e+00,3.218914971001154868e+00
-2.570768887245870715e+00,3.178385812868784299e+00
-2.615905693648962860e+00,3.053793663984427198e+00
-2.596331917475225737e+00,3.253645638631756043e+00
-2.551339625224286589e+00,3.214760348391704881e+00
-2.590863303233131187e+00,3.209615307682824437e+00
-2.619097234340684199e+00,3.194640168594226282e+00
-2.638077111272394859e+00,3.159736018297765625e+00
-2.798658983162305880e+00,3.291724083980293258e+00
-2.688576875767010765e+00,3.063333958775224630e+00
-2.750065767475376344e+00,3.029640751627951545e+00
-2.815356378424200390e+00,3.296551319522148304e+00
-2.802411062632652161e+00,3.350182149323797987e+00
-2.769611310143277993e+00,3.316212327169216323e+00
-2.766524455668288418e+00,3.391292011622740077e+00
-2.840452760454767578e+00,3.362287968573326680e+00
-2.840988814498146997e+00,3.356786579556196415e+00
-2.676548401580177039e+00,3.385896832040813820e+00
-2.817503431948949366e+00,3.427492355565210147e+00
-2.700512984088396351e+00,3.403259321082609645e+00
-2.749270322515442899e+00,3.340789791106205442e+00
-2.769851745868523896e+00,3.409463217383869704e+00
-2.674064675785274403e+00,3.122494290296607744e+00
-2.648628775473893970e+00,3.115461598137562405e+00
-2.835966979827566181e+00,3.163557488183686317e+00
-2.684970230877900654e+00,3.127694569204519937e+00
-2.812862881087799138e+00,3.297990367623935271e+00
-2.711094099879515884e+00,3.027778011875879471e+00
-2.828941043047983772e+00,3.291258873300911603e+00
-2.841079477492957750e+00,3.430393527332718406e+00
-2.847968020362745101e+00,3.070186294820118178e+00
-2.917597254841772347e+00,3.151776307759764251e+00
-2.715342461445688471e+00,3.101281113865535843e+00
-2.843365849538789902e+00,2.983135005972721743e+00
-2.791095757374637110e+00,3.072063688965753769e+00
-2.791526286369934606e+00,3.131100702382315859e+00
-2.675760665579367981e+00,2.999304375762421593e+00
-2.696177835114436760e+00,3.087696745590770675e+00
-2.624191709632949898e+00,3.089355510828122320e+00
-2.719637698626248934e+00,2.985895455031660539e+00
-2.641813869084974176e+00,3.119407392272229629e+00
-2.861641521097540330e+00,3.138800136684062991e+00
-2.884481710684387412e+00,3.170722024786211790e+00
-2.664723732242746834e+00,3.282686016273460794e+00
-2.673372233271690934e+00,3.145373090310618736e+00
-2.635700773187537482e+00,3.092443653231113032e+00
-2.679113555545238778e+00,3.080111188400357136e+00
-2.597470215342550404e+00,3.070724552658059991e+00
-2.622645590353142708e+00,3.159045367731195597e+00
-2.721319092737573442e+00,3.281493800167885055e+00
-2.593380847294373570e+00,3.053634448500368137e+00
-2.575113868933602390e+00,3.126034116451650746e+00
-2.695982745057800667e+00,3.021509065218490164e+00
-2.726003571541007364e+00,3.005567530741025450e+00
-2.527689080750345596e+00,2.856282907368729695e+00
-2.716054963295549296e+00,2.860990601492423124e+00
-2.602717336985684415e+00,2.894180355483405798e+00
-2.563561455989625149e+00,2.895492723179584615e+00
-2.671458436142783555e+00,2.950473336142179548e+00
-2.572630209863478346e+00,2.828315953528717230e+00
-2.737765512492908559e+00,2.964166894668881724e+00
-2.711100484598453875e+00,2.969141578343790222e+00
-2.635528321315114386e+00,2.959976273580697814e+00
-2.668278279704904943e+00,3.004521006666371008e+00
-2.565751826093464860e+00,2.971241325462266047e+00
-2.718929839434880869e+00,2.941238285956703002e+00
-2.605071123476159656e+00,2.891828822582808378e+00
-2.654833985020895071e+00,2.885707217885452813e+00
-2.654588471399234706e+00,2.892641736598093871e+00
-2.593008288225433056e+00,2.932349557541133578e+00
-2.668027738160479334e+00,2.887787089503701665e+00
-2.465781188680034486e+00,2.688363907532574260e+00
-2.556915684477556017e+00,2.836917923522226381e+00
-2.551325823132990944e+00,2.858330312822261021e+00
-2.603371156413456067e+00,2.742189081391837036e+00
-2.601699341438896251e+00,2.896301435159646331e+00
-2.753326592292148600e+00,2.867006077748771808e+00
-2.626169167927911552e+00,2.855129849564478128e+00
-2.601429402212182662e+00,2.855162651346361713e+00
-2.538136167288303380e+00,2.802914874430433301e+00
-2.625909783931153374e+00,2.858167706733743429e+00
-2.629620003661139904e+00,2.752862526301490753e+00
-2.652752039862658506e+00,2.811020170302297672e+00
-2.646538512520945741e+00,2.779881879272828371e+00
-2.584504581034838377e+00,2.927108311746451363e+00
-2.625569354829540458e+00,2.890910544311450892e+00
-2.603769114430834364e+00,2.890985369694456963e+00
-2.637999913363708426e+00,2.924155012803350218e+00
-2.648507174018659871e+00,2.889807737160781542e+00
-2.625127351136245402e+00,2.791156808148245183e+00
-2.570516829254813729e+00,2.711980291136649512e+00
-2.594045564622078803e+00,2.574008088306055875e+00
-2.608905554149809181e+00,2.583258543261078621e+00
-2.562591414290209979e+00,2.652945045267266266e+00
-2.531161471178509537e+00,2.721753151735940790e+00
-2.543418614839538350e+00,2.657676941151239980e+00
-2.542933945725715628e+00,2.778991401489681046e+00
-2.515728512479416423e+00,2.688744591706079490e+00
-2.581042798112633374e+00,2.703880228937167729e+00
-2.605071174915482679e+00,2.774970186707666819e+00
-2.565234558423716393e+00,2.907261123241761780e+00
-2.636157857130927873e+00,2.800857456676986601e+00
-2.598986262201903763e+00,2.895191549666544795e+00
-2.550960231955386348e+00,2.838648777999116746e+00
-2.553650488927833972e+00,2.824239077222223671e+00
-2.564978119935543255e+00,2.967046640611310515e+00
-2.545873303802367982e+00,2.801146681691198737e+00
-2.692986684567760136e+00,2.909966688127918033e+00
-2.652581587924218276e+00,2.862896017775719670e+00
-2.809866977679153610e+00,3.108020303366455295e+00
-2.826594184285531774e+00,3.063067457144146744e+00
-2.855474207235609185e+00,3.019399295086506285e+00
-2.710993025924255839e+00,2.956703362536602597e+00
-2.593220640514379394e+00,3.068026469245086929e+00
-2.695050938555386022e+00,3.081320485790481456e+00
-2.670322078140757061e+00,3.141593227381097364e+00
-2.709469737661651223e+00,2.920101732764423197e+00
-2.661306859478461018e+00,3.197315842809786091e+00
-2.836722297366232493e+00,3.173553539635316056e+00
-2.596431928818592638e+00,3.081086129494138959e+00
-2.624889572997525899e+00,3.155260637099447152e+00
-2.667986494389312124e+00,3.057430609271298394e+00
-2.566135779539838069e+00,3.065614188872022083e+00
-2.728181701694487149e+00,3.106478641936673668e+00
-2.544744196483836429e+00,3.070032531808502441e+00
-2.740971753876018546e+00,3.110796979784890226e+00
-2.727834274296983441e+00,3.123236826365463514e+00
-2.777061652326254126e+00,3.143712608135984965e+00
-2.680861273840455361e+00,3.246457397557422908e+00
-2.852652721321251139e+00,3.170510890747442190e+00
-2.707273023956428659e+00,3.089936370773063601e+00
-2.870482179221373720e+00,3.041019754552719334e+00
-2.853067234723208223e+00,3.060559764935163685e+00
-2.720583740156832686e+00,3.124913455597738476e+00
-2.802761143471974137e+00,2.931543765878600105e+00
-2.715622500451154053e+00,2.906913132752740658e+00
-2.795217526353959592e+00,3.124221147832573209e+00
-2.719874634669945834e+00,3.164042453818190381e+00
-2.759379320787807455e+00,3.099666958509336823e+00
-2.692192804626368119e+00,3.096948787269653280e+00
-2.883873602419570581e+00,3.085205210049512203e+00
-2.703471779032131206e+00,3.053521527080887310e+00
-2.708780364123665851e+00,3.012017805947902360e+00
-2.752542054530171978e+00,3.069034535415175569e+00
-2.730628868199501014e+00,3.130190331297283635e+00
-2.750177079950731240e+00,3.108294903834593725e+00
-2.717865375913368187e+00,3.119686700125043899e+00
-2.721806544036847075e+00,3.030261370387099973e+00
-2.759376188143737973e+00,3.124012611294455510e+00
-2.730949482417501351e+00,3.138624982715420231e+00
-2.748620373800906957e+00,3.120942133825998610e+00
-2.756126366142633177e+00,3.065324252767000601e+00
-2.537953446906006771e+00,3.060105814005835256e+00
-2.693054102939131500e+00,3.059572703492667856e+00
-2.659547769771121839e+00,3.080178603508135993e+00
-2.720764805418904420e+00,3.134807922264601032e+00
-2.698158380114179966e+00,3.015986116349306911e+00
-2.570835665081385280e+00,2.898005789013843980e+00
-2.647393234643713900e+00,3.001236993062615710e+00
-2.673264277682512624e+00,2.993930408975026047e+00
-2.512479721048110459e+00,2.977711222965996996e+00
-2.655505444901127721e+00,3.053243259544544230e+00
-2.645865494431399068e+00,3.078299839213801903e+00
-2.757895706773136446e+00,3.021244802668519469e+00
-2.704364184178555508e+00,3.017735061303927324e+00
-2.670760321756439737e+00,3.091002234764246737e+00
-2.674357827668288223e+00,2.971701064312929574e+00
-1.813052357769935341e-01,-2.214997808427832116e+00
-4.078064182036398755e+00,-6.273584595828864963e-01
1.513684190614810632e+00,-4.836168470674091502e+00
4.380581469847033560e-01,-4.340482835605316225e+00
-2.202551461520709797e+00,1.144764718249444257e+00
-7.014368720107846400e-01,1.927983076243392269e+00
4.847283067700661974e+00,2.615317389063818609e+00
4.522798834028128212e+00,1.746281260936761726e-01
-1.011769760709604338e+00,-1.560802603008157430e+00
-4.665263553261939755e+00,4.283988738770617033e+00
-1.689512006544346523e+00,-2.877509457563640183e+00
3.264612219191342035e+00,9.533183223315102595e-01
1.521263297824813066e-01,3.842522522406460084e+00
-3.864984112993860244e+00,-4.217142237341930056e+00
1.027726266259261223e+00,-3.259565749729996575e+00
1.756266875866064225e+00,3.404333683035815739e+00
4.266933039869350353e+00,-1.699103981905572880e+00
-3.040635380798904830e+00,1.640969341761715938e+00
-3.640753270615995518e+00,4.490499819019310834e+00
-1.429859608073515975e+00,-2.717758804423775487e-01
2.522430707510393333e+00,2.214162415989932242e+00
3.622247710826210110e+00,3.020239010450357142e+00
2.767844127229613704e+00,-3.587014500357225799e+00
2.160907521690265121e+00,6.479086801638187509e-01
3.864280561459965568e+00,-8.663410925788888051e-01
-2.728610839689552314e+00,-2.542241012863042826e+00
-4.801677413569748865e+00,-1.265569800884073004e+00
-6.487279391630451642e-01,-3.866803598958985067e+00
6.880137392669327667e-01,4.789206482649078112e+00
-2.552831449407882314e+00,2.948423992113275993e+00
-8.414114492605397899e-01,2.708135425357793835e-01
2.321712405080369024e+00,-3.255112568774807258e-01
-7.115695204750966951e-01,8.469727632015953134e-01
-4.964628913459527837e-01,7.319614205923112848e-01
-1.803643411059307589e+00,8.303312674155591822e-01
4.047328223055082219e-01,6.420818387274707106e-02
-5.544880308231290300e-01,1.659172528443106920e+00
5.000000000000000000e+00,-5.000000000000000000e+00
6.278311215547631718e-01,-3.208997161076796445e-01
6.585985954812816345e-01,-3.427001298171488131e-01
-8.945792880471543640e-01,1.780624804325476873e-01
-1.480931790086712940e+00,5.000000000000000000e+00
-1.550313815548129970e+00,5.000000000000000000e+00
-1.524594747425653374e+00,5.000000000000000000e+00
-1.406167055125224774e+00,5.000000000000000000e+00
-1.164298241771447806e+00,2.661350314075827228e+00
-1.161425214121718064e+00,2.621057799866371774e+00
-1.195768835927526030e+00,2.653267564492306718e+00
-1.163958295372233387e+00,2.592312656268670246e+00
1.153488013183592287e-01,1.149139380028544544e+00
-5.000000000000000000e+00,5.000000000000000000e+00
-1.878156509154036868e+00,5.000000000000000000e+00
-1.915300550292076576e+00,5.000000000000000000e+00
-1.552277880626490969e+00,2.893109082712216562e+00
5.000000000000000000e+00,-5.000000000000000000e+00
-1.197343274759523624e-01,1.492620724486364736e+00
-2.078168095211047728e+00,2.768349218474424944e+00
-1.448655586497045622e+00,2.453613640959622977e+00
-1.402768656454873142e+00,2.412676894129662131e+00
-1.436189208662089101e+00,2.569408583023792048e+00
-1.348240296465661014e+00,2.451136705778768743e+00
-1.406508099503642306e+00,2.284458929197246135e+00
-1.370949913894079053e+00,2.229539665087592049e+00
-1.371177358388826040e+00,2.480085661657388307e+00
-1.391226163369570390e+00,2.374126854701499312e+00
-1.354197108066135691e+00,2.200793276936499510e+00
-1.378840416770225730e+00,2.449434789829421533e+00
-1.228656486579092544e+00,1.975407649823630152e+00
-1.222598805706502034e+00,1.897746617398471614e+00
-1.119204850518313865e+00,1.754245941132303699e+00
-1.252383434612985180e+00,1.967133412612343868e+00
-1.221505131556201995e+00,1.916838269492981972e+00
-1.172445610155659956e+00,1.903147506517304244e+00
-1.178414562255340137e+00,1.926162949367826727e+00
-1.167883952391202129e+00,1.882202705820349209e+00
-1.170953307784713182e+00,1.720825243141260508e+00
-1.326269636609638702e+00,2.201337477330974401e+00
-1.053201002477681669e+00,1.716375219629522775e+00
-9.875030733367315960e-01,1.529026750567607174e+00
-9.356441871202818561e-01,1.495306508225827891e+00
-1.142000253073489624e+00,1.825237327994786440e+00
-1.181691909869001300e+00,1.937888867972139550e+00
-1.309143110678927080e+00,2.276319098436282218e+00
-1.346950352348054825e+00,2.290060036019960776e+00
-1.165754270272855386e+00,1.847033728722521140e+00
-1.360091980421928692e+00,2.345872599812674153e+00
-4.863664613926355074e-01,8.078061233721820500e-01
-9.922389227333994199e-01,1.471135355016422785e+00
-7.300587318042399687e-01,1.177842258665831032e+00
-4.918009978293271800e-01,8.307169750314757906e-01
-4.487103230597488945e-01,8.004380806749136212e-01
-5.242900525493947583e-01,6.967253426217219214e-01
-6.244420479838801441e-01,1.077526417312516749e+00
-4.876243542815208443e-01,1.028785254389601889e+00
-5.076337427099355537e-01,9.048282181980340511e-01
-7.785219079815384191e-01,1.106199817349047265e+00
-7.215492502916207584e-01,1.152611885650401291e+00
-7.780927219454527588e-01,1.355231859050912924e+00
-7.169193953909358541e-01,1.143788007631121317e+00
-9.782340049881224076e-01,1.420759246358713312e+00
-8.161816127220902217e-01,1.456569518335042446e+00
-8.711684209942296420e-01,1.390149154865051528e+00
-9.702670417661218849e-01,1.644303060246689263e+00
-9.286657827449733560e-01,1.439145626802906364e+00
-8.638784072095297972e-01,1.440072042550629483e+00
-9.659807064949674782e-01,1.508758662199076284e+00
-9.016466356481505073e-01,1.448776502261396537e+00
-1.224777751143518500e+00,2.113693867886303757e+00
-1.188831997699799636e+00,2.077396885893998402e+00
-1.196995405773687793e+00,2.106945407881223531e+00
-1.111312123686110986e+00,1.899456854916639514e+00
-1.260014642317776712e+00,2.192793090229204545e+00
-1.247832429799392351e+00,2.171753742771461937e+00
-1.147257271081846497e+00,1.903543668937651034e+00
-1.150521195768634541e+00,1.985890842875970286e+00
-1.271617894074365651e+00,2.335710248211567475e+00
-1.325156138569778097e+00,2.706076733004043611e+00
-1.344317342603043475e+00,2.740758999970771548e+00
-1.239859902197351094e+00,2.332532808319426110e+00
-1.275256029127622259e+00,2.282631494475123368e+00
-1.282988136954954950e+00,2.389801881382075166e+00
-1.308297418815380198e+00,2.487881915412094358e+00
-1.287573682689117760e+00,2.357205072864912765e+00
-1.325970976197863749e+00,2.351416749137494655e+00
-1.285806518517580876e+00,2.622000042485108651e+00
-1.361908059667135795e+00,2.767813444751850760e+00
-1.398753655165374976e+00,2.625786295110349222e+00
-1.360925556954524662e+00,2.604822144875244661e+00
-1.269876084086418278e+00,2.534066631562498451e+00
-1.296846444714616187e+00,2.644226495423108503e+00
-1.391910941823326198e+00,2.520915252302243559e+00
-1.430128808641383920e+00,2.596116346451298185e+00
-1.384079037743777718e+00,2.691934136823573631e+00
-1.348304654334842478e+00,2.633397749228278073e+00
-1.374810856413106297e+00,2.479865671436771279e+00
-1.364373290788445825e+00,2.638440222041351646e+00
-1.291523004997900514e+00,2.651891188192053050e+00
-1.440026457250993097e+00,2.479043809364100071e+00
-1.284710600939165559e+00,2.525618635083869634e+00
-1.343789738363728059e+00,2.615050851903458096e+00
-1.392716920549120108e+00,2.667072361852820706e+00
-1.460402770658399518e+00,2.710261893696896962e+00
-1.454460871034381597e+00,2.944459206431144338e+00
-1.491657321731203023e+00,2.884327024367399517e+00
-1.494093744041385285e+00,2.914756719937709128e+00
-1.477994157212136450e+00,2.999726194083955910e+00
-1.572929910851818658e+00,3.032331929914660051e+00
-1.652418822670121301e+00,3.131352871560496354e+00
-1.555975351062383716e+00,3.092484977296635407e+00
-1.570322183038983077e+00,3.233414744325310508e+00
-1.497920845923382149e+00,2.988349056687629179e+00
-1.420115530931756354e+00,2.895503902430648147e+00
-1.464799701215416139e+00,2.848318154611629183e+00
-1.427789209603842036e+00,2.859983559089553928e+00
-1.438533354521096985e+00,2.936529416746318510e+00
-1.410549542337778295e+00,2.662381964622408503e+00
-1.384404898043062992e+00,2.680160696901535466e+00
-1.401398155562878944e+00,2.855360943329046997e+00
-1.499291422371141103e+00,2.937352183170362174e+00
-1.480071408202325411e+00,2.946237235322120007e+00
-1.477692848328398423e+00,3.043528984298800921e+00
-1.406653278738974500e+00,2.795104537108041853e+00
-1.427946405313597733e+00,2.792954655353194759e+00
-1.403108677934290949e+00,2.720111089741038768e+00
-1.426241757650971831e+00,2.743095601010102413e+00
-1.467868614437761288e+00,2.670292864698518009e+00
-1.410890174591918456e+00,2.798129432051378984e+00
-1.511261601765981233e+00,2.755231037055258625e+00
-1.551600055753137752e+00,2.904628345065372486e+00
-1.506143340792873264e+00,2.787979064700472520e+00
-1.530489659887765530e+00,2.857527685603198364e+00
-1.412259283685921130e+00,2.792130079425657385e+00
-1.438814711228461718e+00,2.770949461831308192e+00
-1.403232922320975629e+00,2.704172663542077970e+00
-1.482121267841356893e+00,2.757871485486313112e+00
-1.422287342675674804e+00,2.842829673456509276e+00
-1.534507320538911035e+00,2.897375785249668212e+00
-1.531428114596518508e+00,2.917454941659208600e+00
-1.561859949588779273e+00,2.912510684410812623e+00
-1.441291221559286129e+00,2.946334988855554116e+00
-1.580121764034693843e+00,2.992749257301906773e+00
-1.554959208173882335e+00,2.973493205490892244e+00
-1.464730450770684200e+00,2.898651931522019609e+00
-1.464461480435447882e+00,3.045174898520848217e+00
-1.546108885724603699e+00,2.964178240648259965e+00
-1.532385218381155489e+00,2.999958574243859033e+00
-1.556540739713670352e+00,2.945146041380621860e+00
-1.432187973860606256e+00,2.829351964658877172e+00
-1.380121096901656852e+00,2.786181256640047899e+00
-1.421084558601229286e+00,2.909599702866022319e+00
-1.428130451214604690e+00,2.830697308128478973e+00
-1.458001485198888059e+00,2.783232985676741933e+00
-1.401732681186725227e+00,2.770335558227116302e+00
-1.448933913797479267e+00,2.839236433101961055e+00
-1.322162862213444701e+00,2.701165082229760372e+00
-1.371586349178018249e+00,2.833413441511192232e+00
-1.491028252581243052e+00,2.820268493869553694e+00
-1.504009294365177940e+00,2.616682378285944743e+00
-1.351401276990887190e+00,2.722029751212097004e+00
-1.435015674282926312e+00,2.852883721595142141e+00
-1.450607854448928258e+00,2.730944492523557088e+00
-1.469246138911699973e+00,2.719148498044285489e+00
-1.453939523655777943e+00,2.589561952954786861e+00
-1.437068759516975547e+00,2.630388102260784677e+00
-1.401282556548637981e+00,2.596938031980281281e+00
-1.349181847115903832e+00,2.654051257032122635e+00
-1.322334305682438149e+00,2.657857966386098170e+00
-1.329818946185756356e+00,2.646803673729101192e+00
-1.406840436610545364e+00,2.681545296187412220e+00
-1.347650193186380019e+00,2.621322462717005308e+00
-1.470710969960857373e+00,2.621715743282146960e+00
-1.208625725843794907e+00,2.238330732543394319e+00
-1.225822485394182593e+00,2.396407495607812521e+00
-1.200175171561638443e+00,2.414584754515225029e+00
-1.282905594639105917e+00,2.246796801667723997e+00
-1.224883483142699347e+00,2.297717669665084728e+00
-1.191071056096804082e+00,2.375671048075977509e+00
-1.256609425225235110e+00,2.535687263919385259e+00
-1.259612977586992866e+00,2.309227164074908245e+00
-1.246640418780230242e+00,2.313688447426490491e+00
-1.210772551261878327e+00,2.322964855258576655e+00
-1.269308845330807234e+00,2.338452268210927443e+00
-1.201616348647542853e+00,2.333391771996903508e+00
-1.243284570049341120e+00,2.260315303138586529e+00
-1.372791712606420855e+00,2.598313344974708450e+00
-1.246978929225287303e+00,2.432691893981841602e+00
-1.222728903350293272e+00,2.456143663946496858e+00
-1.253594488572988386e+00,2.495254965368216560e+00
-1.181367889823994322e+00,2.399026067758111225e+00
-1.223410965417693674e+00,2.470986071298351128e+00
-1.341264745306105954e+00,2.351552046614965086e+00
-1.408899029574778972e+00,2.554394865786935753e+00
-1.266904525867225573e+00,2.557160701866240338e+00
-1.332416608480971210e+00,2.604767030652421766e+00
-1.247345613273500575e+00,2.531122953688664801e+00
-1.364427176104600736e+00,2.616896624026978202e+00
-1.391051990976396979e+00,2.646531697168830632e+00
-1.292738990145086309e+00,2.556998698899597855e+00
-1.347978502415912327e+00,2.657765815192609793e+00
-1.443218030243645256e+00,2.751186558109654179e+00
-1.408920334650376027e+00,2.676372024013203621e+00
-1.379875408717766039e+00,2.573605813339803206e+00
-1.388301682538286119e+00,2.580718739965885966e+00
-1.391133491444478842e+00,2.678104335184987583e+00
-1.367889050710766163e+00,2.713093125830897456e+00
-1.343820572814240055e+00,2.787870020790663261e+00
-1.345884900045779098e+00,2.812348311462993244e+00
-1.284835609265512879e+00,2.715609313094734745e+00
-1.377590093542234051e+00,2.709107379462506238e+00
-1.374279763091103668e+00,2.715257167575345854e+00
-1.409582112266185128e+00,2.825188069422489789e+00
-1.342789511110582978e+00,2.755039507753368255e+00
-1.301174215075289631e+00,2.652445785946364154e+00
-1.396305844645698180e+00,2.759212311021949304e+00
-1.400710456340442001e+00,2.804745354924592426e+00
-1.322141163163856437e+00,2.829284982455872566e+00
-1.374110078289440651e+00,2.797590842720475202e+00
-1.372202799131228446e+00,2.825955810884233976e+00
-1.383420446812297477e+00,2.747664483585326778e+00
-1.429728969092059376e+00,2.737248655512663831e+00
-1.362022218259104189e+00,2.691185238851266703e+00
-1.245029477837984455e+00,2.633107132636251180e+00
-1.347403399289790027e+00,2.608246291867236444e+00
-1.268394645845009716e+00,2.558478915055668601e+00
-1.410022022771070915e+00,2.574535165475845488e+00
-1.340151566781602632e+00,2.346705252790220797e+00
-1.251997061243530940e+00,2.418439780014120188e+00
-1.349788158422318585e+00,2.363353314581157605e+00
-1.233297722195713320e+00,2.394631234313363777e+00
-1.221071883173397765e+00,2.289854669363516670e+00
-1.222441918023120522e+00,2.227685700728336826e+00
-1.331524607724660747e+00,2.316820342287687851e+00
-1.234370595467804144e+00,2.255379093294154202e+00
-1.368127091566555986e+00,2.304066919622499654e+00
-1.274246000666094503e+00,2.270384220484984894e+00
-1.202928157809806109e+00,2.226685040579350350e+00
-1.246262970352142396e+00,2.256517684321163841e+00
-1.248980960072607616e+00,2.198536153013732175e+00
-1.274043752110934236e+00,2.214245889072784301e+00
-1.263257564478681871e+00,2.287832736670594613e+00
-1.238009775563698511e+00,2.298230972452197207e+00
-1.205399406082726443e+00,2.366574109633119427e+00
-1.165145055470103941e+00,2.195848344174290645e+00
-1.226209823896149409e+00,2.239679263546897836e+00
-1.215773604714804890e+00,2.254383962354712168e+00
-1.204939998411282964e+00,2.192421477263063245e+00
-1.111197648771800051e+00,2.143993948571676356e+00
-1.113759852161997355e+00,2.022895975631218590e+00
-1.170376691532707625e+00,2.049497554357854412e+00
-1.238722413317239202e+00,2.092527746283404433e+00
-1.169200298480548295e+00,2.136046359147787399e+00
-1.143508403751025693e+00,2.006142654920317625e+00
-1.101312990406847270e+00,2.049543665665870762e+00
-1.220340442810695869e+00,2.146359532014700200e+00
-1.168228138990474729e+00,2.121113486198984432e+00
-1.216584099941719010e+00,2.179262713016583142e+00
-1.151955296805629025e+00,2.274956918466561895e+00
-1.237813021363826316e+00,2.177913005374571220e+00
-1.135932042963631261e+00,2.047555425399952611e+00
-1.240435880669847002e+00,2.113252568150898014e+00
-4.887749853694471902e+00,3.477442940076738154e-01
4.971522816067764694e+00,-1.399206472679106916e+00
-2.781273075077678403e+00,3.315869189014030383e+00
2.347807834444060049e+00,3.864722314312668772e+00
-3.559675248362086819e+00,1.989475554819023273e+00
-1.415373148944247816e-01,4.244359257714890532e+00
-2.663894306340593765e+00,7.145494344788012597e-01
1.359290666483106591e+00,2.013122709166070834e+00
4.620118851540174987e+00,-3.272996867183911363e+00
-8.725483894249821404e-01,2.774464099715924448e+00
-3.815409078667473253e+00,3.423459437093756108e+00
-1.866214419792237678e+00,2.145280076688891313e-01
3.336346262724468659e+00,-2.827213192606493841e+00
-4.207464968698044316e+00,-4.021554393610734301e+00
2.221475058708975325e+00,-2.350587172549848169e+00
-2.178188233387881922e+00,-3.965452139479152649e+00
3.679372939611418758e+00,1.580402543883910660e+00
3.524886670078499762e-01,2.521084078453494470e+00
-3.070501716968503381e+00,-9.082506084472292684e-01
-1.402023841451343955e+00,-3.426747363963462689e+00
3.319502118393845791e+00,-1.949316962251339991e+00
2.975077382947876714e+00,-4.689476605827024080e+00
1.655255036989107253e-01,1.304819896438820237e+00
1.128746931736528403e+00,-1.171122304301493333e+00
-4.538940672788475794e+00,4.425009475967577544e+00
1.997739972595782731e+00,-8.345703439287710523e-02
4.009868295582142750e+00,-4.616621682560545281e+00
-6.355062073269959200e-01,-3.458688432063778961e-01
-1.303573142334979007e+00,-2.123155817923936706e+00
9.221397970064026950e-01,4.722032420459832736e+00
5.000000000000000000e+00,-5.000000000000000000e+00
5.000000000000000000e+00,-5.000000000000000000e+00
3.943260428511955240e+00,-3.210446285399009447e+00
3.874459299018651492e+00,-3.141531648214897832e+00
3.727233909831763725e+00,-3.195356111795089937e+00
4.032979082964715190e+00,-3.474182258163414971e+00
4.197275874936131856e+00,-3.428546420745832712e+00
4.331913002695122472e+00,-3.561219278090771212e+00
3.692530964786907788e+00,-3.193207101900975342e+00
3.806356984133365984e+00,-3.262029876460583289e+00
3.643655332757264276e+00,-3.204088931542301566e+00
3.768091358853039807e+00,-3.129840042763611940e+00
4.023966538641353452e+00,-3.444109270027372993e+00
3.796709051900586829e+00,-3.165208411904322894e+00
3.779177583486651670e+00,-3.419320280992971917e+00
3.981525666284037257e+00,-3.492163420162253118e+00
3.367595786333549057e+00,-2.685405601028210576e+00
4.592907923450788132e+00,-4.163448286919361863e+00
4.970560039533232555e+00,-4.671263502651173738e+00
3.543877861586876676e+00,-2.888428979620063064e+00
3.372123936516757681e+00,-2.679824375415050142e+00
3.486315144990852488e+00,-2.798105294531704867e+00
4.253777144139457178e+00,-3.814345663499600469e+00
4.330191465822942121e+00,-3.975118305564141252e+00
4.484173415759729053e+00,-4.212019790965269905e+00
4.584064498979895319e+00,-4.312612751329409910e+00
4.237664040587977965e+00,-3.931986068014856173e+00
4.264737842312063876e+00,-4.072486849753395255e+00
-5.000000000000000000e+00,5.000000000000000000e+00
-9.585994221865750120e-01,1.350221476440765400e+00
4.057072455677451117e+00,-3.133196766186177928e+00
3.992961828642640043e+00,-3.130543640992677901e+00
3.875364609005343297e+00,-3.090715140635507563e+00
4.055263291142171767e+00,-3.324519021985053779e+00
4.113435965479441236e+00,-3.210951671862518175e+00
4.105505931045893675e+00,-3.458338591863126865e+00
4.208101789143542604e+00,-3.423203585051533882e+00
4.288078737053398370e+00,-3.487313647010298112e+00
4.322158946173463079e+00,-3.425943569606388905e+00
4.335427276523537543e+00,-3.337253286844000577e+00
3.945227118730700866e+00,-3.567330755420542232e+00
3.942920134424948486e+00,-3.660304771573513527e+00
3.956012410379251776e+00,-3.756083351737385723e+00
3.835826448828228763e+00,-3.557978378526572616e+00
3.822162906234970237e+00,-3.678309048883101617e+00
3.881420735994982607e+00,-3.382786949198279380e+00
4.194762963842604719e+00,-3.534361406553007789e+00
4.172947812857803029e+00,-3.608056205548214379e+00
4.404637083841397072e+00,-3.722331636342048888e+00
4.592936892195517373e+00,-3.838719573053796630e+00
4.539117926708357231e+00,-3.842973046105357504e+00
4.942540076349327904e+00,-3.887056484267647605e+00
4.330858678925608274e+00,-3.814111546863424351e+00
4.078611628580940618e+00,-3.409197894873249091e+00
4.050828369876377621e+00,-3.390763084667183236e+00
3.959744307696125176e+00,-3.363990995885274060e+00
4.045366912646265689e+00,-3.277646091110893778e+00
4.152254504317046013e+00,-3.676085167558082567e+00
4.174615732191243822e+00,-3.760862745141904107e+00
3.930127664073028271e+00,-3.258537104011983487e+00
3.880683680401382674e+00,-3.389633732062303562e+00
3.981368283956550513e+00,-3.272856482363644126e+00
4.148342280075551614e+00,-3.568727141182017171e+00
4.282313655909845806e+00,-3.630622824125806503e+00
4.138254379403136340e+00,-3.477321631720133865e+00
4.113444809740213870e+00,-3.600115066437007183e+00
4.241228905786650571e+00,-3.619354712709202726e+00
4.252530100427044601e+00,-3.724548967564267343e+00
4.313495378847257200e+00,-3.674789381618428052e+00
4.436620828585386533e+00,-3.752770552537374016e+00
4.209383613171798544e+00,-3.737910661031692339e+00
4.313740330689622482e+00,-3.815057927579050379e+00
4.422972083758603290e+00,-3.705824021498417054e+00
4.271596683835142017e+00,-3.869155290249336243e+00
3.941716124883937411e+00,-3.397191630948293017e+00
4.041811218812753737e+00,-3.318015843105111884e+00
3.941227536693306277e+00,-3.526501022291297360e+00
3.893288447962053311e+00,-3.446282095060326789e+00
3.718769441786506036e+00,-3.392677749662828646e+00
3.603845880659813261e+00,-3.529703430796128139e+00
3.649292462785147961e+00,-3.405968250308798240e+00
3.606379480407422733e+00,-3.437958842321938491e+00
3.482341482226225082e+00,-3.500789489750687267e+00
3.687389386388330692e+00,-3.291867156047579623e+00
3.601189729282982199e+00,-3.121600945011119954e+00
3.742287432112386014e+00,-3.398016271059478122e+00
3.645804559754141749e+00,-3.259188922523646781e+00
3.547300116245711621e+00,-3.214181415642564765e+00
3.501873246176469223e+00,-3.105555744281756514e+00
3.737809767212658230e+00,-3.346475083555861652e+00
3.662579263293659793e+00,-3.354323893631735221e+00
3.670818342305858906e+00,-3.338209684164230140e+00
3.696598602795937438e+00,-3.379308539824438018e+00
3.618664479195729200e+00,-3.254244716803192716e+00
3.526171733086190585e+00,-3.223542237683642675e+00
3.399838515566655062e+00,-3.144966959942228968e+00
3.487236670880815126e+00,-3.370521977075387809e+00
3.610406042788440573e+00,-3.141207620325250360e+00
3.902494686950456426e+00,-3.588183847858064990e+00
3.800692194554510905e+00,-3.389530493310209724e+00
3.782723387368488233e+00,-3.386145441742722362e+00
3.748293706820563287e+00,-3.344806256498485730e+00
3.787760560375655672e+00,-3.380523583700439705e+00
3.688383242941043250e+00,-3.434689149640572481e+00
3.697510816167241643e+00,-3.322209464114594724e+00
3.731096133921640856e+00,-3.253667431379122288e+00
3.603395592186089402e+00,-3.210026894172283818e+00
3.518885291816522098e+00,-3.138874523290728469e+00
3.512606556885263132e+00,-3.082354793656841174e+00
3.661992668224330671e+00,-3.138491464105733542e+00
3.576016787883814274e+00,-3.249893143162304376e+00
3.596909067242773261e+00,-3.260367622091049356e+00
3.591475980793838119e+00,-3.360234734147601099e+00
3.517380546175864708e+00,-3.297692172909881592e+00
3.471505602072488372e+00,-3.264517833794139179e+00
3.534407625454278445e+00,-3.309385405511449996e+00
3.455766120775034977e+00,-3.133607136951535033e+00
3.350153761378024342e+00,-3.240896748902400759e+00
3.242483798523171146e+00,-3.192648740556079723e+00
2.993353382108379535e+00,-2.944806720956591573e+00
2.943949930860200404e+00,-3.060191652931746997e+00
2.966460886269138619e+00,-2.942609098561856484e+00
2.941288676064712782e+00,-3.122470670459273734e+00
3.036037528571879918e+00,-3.022300605961547149e+00
2.945533819096820771e+00,-3.050230773702265363e+00
3.009631298179318293e+00,-3.050340237657595654e+00
2.968896871521396363e+00,-2.942695778920108474e+00
3.123908178555685922e+00,-3.074910688816828053e+00
3.062325007359689266e+00,-2.978567612815177679e+00
3.206219511347089934e+00,-3.089646940795854224e+00
3.192449934770454689e+00,-3.208368703916084641e+00
3.186691554075162358e+00,-3.085626648753501566e+00
3.115475720701910589e+00,-3.069181280252469168e+00
2.942926659507331344e+00,-3.072464133831293687e+00
3.062673218458558111e+00,-3.063704549549233658e+00
3.099339603309411828e+00,-2.936900454460707355e+00
3.158290372400070822e+00,-3.020772249246157060e+00
3.207625239648887572e+00,-3.201029148424313409e+00
3.301272649118917712e+00,-3.064325285607943261e+00
3.305374947495959503e+00,-3.084144040627839090e+00
3.362972530839900998e+00,-3.136252883921713863e+00
3.403702035308418417e+00,-3.237987315210981265e+00
3.392364113930131708e+00,-3.254622166593117427e+00
3.447683564526315081e+00,-3.246459379682873347e+00
3.448951109273819426e+00,-3.395786919348512178e+00
3.373059715185821261e+00,-3.529633541430211352e+00
3.396291785946061736e+00,-3.615496747146875300e+00
3.318520005620868574e+00,-3.607160179078415574e+00
3.374217233133174787e+00,-3.893152048348325955e+00
3.299124306706801235e+00,-3.971105519418671292e+00
3.245661299203240091e+00,-4.143043596828035469e+00
1.652982124799872388e+00,-5.000000000000000000e+00
3.463826274545748873e+00,-3.839089804342854073e+00
3.434910595709439463e+00,-3.980442640803416587e+00
3.494631874196127086e+00,-4.083642201763523438e+00
3.452265301193556013e+00,-3.971278324827154371e+00
3.396326626834447637e+00,-3.967392920382430965e+00
3.484683042401202968e+00,-3.833115072581253280e+00
3.498607260485378845e+00,-3.926547046632369309e+00
3.271985614027098421e+00,-3.341014724537186620e+00
3.473489097573335016e+00,-3.546318077910995736e+00
3.449892993407363662e+00,-3.619300858073447369e+00
3.415678481927095334e+00,-3.265312203995601514e+00
3.400881918740175536e+00,-3.327602513642450077e+00
3.387490809371730194e+00,-3.370445923507118913e+00
3.445571942716412650e+00,-3.406168616365047974e+00
3.484720931985776815e+00,-3.485531872652908092e+00
3.387559373658708850e+00,-3.460398702762219614e+00
3.395151920225076836e+00,-3.388217380449921379e+00
3.512329468817142697e+00,-3.489482065954165435e+00
3.580710970193003106e+00,-3.634883833025322808e+00
3.353309498342010642e+00,-3.333726589137958385e+00
3.438515002312234614e+00,-3.323538808616778972e+00
3.413439659150363070e+00,-3.443573993412051948e+00
3.528437083086894077e+00,-3.512095524917442368e+00
3.431993854536942834e+00,-3.383109039205924873e+00
3.551749577841773586e+00,-3.366053618487088173e+00
3.515789641704561319e+00,-3.497037690796648945e+00
3.458677664303355215e+00,-3.285988523458620136e+00
3.464982939869843293e+00,-3.522462775006213853e+00
3.387283588125480804e+00,-3.378016647777196457e+00
3.524391149543633972e+00,-3.584433639537066618e+00
3.409297169931083005e+00,-3.455522774360169969e+00
3.559936143623632532e+00,-3.489898797784916962e+00
3.578152824815550304e+00,-3.546159254518284953e+00
3.450254094878618005e+00,-3.257068600966933403e+00
3.501535470966437913e+00,-3.506367761244169046e+00
3.496900031548085153e+00,-3.532222342919201008e+00
3.574702227246003616e+00,-3.598909068822086610e+00
3.461148995027196307e+00,-3.530275893685635769e+00
3.588964755459402411e+00,-3.657238395121653163e+00
3.600493552686389265e+00,-3.693092565476103317e+00
3.439667013881695823e+00,-3.398889473178440035e+00
3.473047282672776959e+00,-3.562617198717958900e+00
3.529121039701410112e+00,-3.620812953131920864e+00
3.517101167435392028e+00,-3.605846264316496352e+00
3.585956977540851298e+00,-3.847289254900943867e+00
3.486592310807054673e+00,-3.660430943508456991e+00
3.495114098276848935e+00,-3.668385827649181863e+00
3.437705129460425724e+00,-3.533324971907035650e+00
3.474503935934901477e+00,-3.604905094355213890e+00
3.544397307713797574e+00,-3.697649496939579894e+00
3.591229727164776619e+00,-3.668676473317577624e+00
3.462437503788455828e+00,-3.550910050077169089e+00
3.517031007379745944e+00,-3.790625843233611292e+00
3.474056755069486968e+00,-3.770300327098568882e+00
3.568403043151143095e+00,-3.825077300650074896e+00
3.404302037458981189e+00,-3.539709266652472763e+00
3.408469610222452317e+00,-3.530429070376877920e+00
3.534068254433341494e+00,-3.668448734387756538e+00
3.380502471566650513e+00,-3.569183654488252699e+00
3.594021872613215152e+00,-3.677780579706801944e+00
3.528080687143640759e+00,-3.562800699905324109e+00
3.494647887889449578e+00,-3.619319037386818927e+00
3.448765354649520276e+00,-3.588680054720385648e+00
3.450153080542733619e+00,-3.533268416408144041e+00
3.425661126886277330e+00,-3.612541586637108892e+00
3.485853082115784929e+00,-3.594002988700526480e+00
3.568281014663730488e+00,-3.720059359105715835e+00
3.392003357434042243e+00,-3.499320501631665081e+00
3.456535797059547832e+00,-3.534574692581875510e+00
3.451757836241810651e+00,-3.613279971602817220e+00
3.446878393575754984e+00,-3.403758077590267384e+00
3.397319215947151250e+00,-3.271568218556348384e+00
3.391635193879658061e+00,-3.314071832741031010e+00
3.434071485225153708e+00,-3.176628892027784090e+00
3.364794948751358206e+00,-3.238145918859903549e+00
3.462841449511051550e+00,-3.228349125689607746e+00
3.478735046477650528e+00,-3.284006817627556973e+00
3.470181770122040987e+00,-3.228636221324040267e+00
3.417021381861825802e+00,-3.449634298320739312e+00
3.425081305875345095e+00,-3.374362935492948079e+00
3.409285948859540838e+00,-3.440221879019443652e+00
3.400206048679949689e+00,-3.497462091867696632e+00
3.413851914259636189e+00,-3.509531258181361579e+00
3.478340714085314644e+00,-3.324952410991382834e+00
3.484348214634103158e+00,-3.280375890500009106e+00
3.415947257650564950e+00,-3.191024508280630556e+00
3.392408044783074672e+00,-3.222089141499608900e+00
3.405312010580628268e+00,-3.257715950833941498e+00
3.461706312026127108e+00,-3.257998917517333837e+00
3.426158828538959256e+00,-3.299987910961339033e+00
3.498488162599990403e+00,-3.549285650276857496e+00
3.501792683078148727e+00,-3.502478963911552334e+00
3.571475439840707367e+00,-3.541561881204255968e+00
3.442351925885168029e+00,-3.405563063423911796e+00
3.458519619492189889e+00,-3.371866455907922333e+00
3.590262970012100041e+00,-3.568460108720855395e+00
3.585315881810966943e+00,-3.449137684730088083e+00
3.473432708563416682e+00,-3.418677694224525609e+00
3.716340661041614979e+00,-3.633186559865225540e+00
3.537839968949526792e+00,-3.427264095939456023e+00
3.509425768329885287e+00,-3.278430811857508509e+00
3.566998780354802889e+00,-3.470795462603512682e+00
3.466404660735250332e+00,-3.365546126660285964e+00
3.579447827100985080e+00,-3.407215778662817662e+00
3.562099795356159504e+00,-3.461402341050889397e+00
3.618402289897471036e+00,-3.455802098245242870e+00
3.715242441548781471e+00,-3.596276961333964017e+00
3.453516199158377376e+00,-3.340934904446700493e+00
3.603226436524430198e+00,-3.569777435426116696e+00
3.554630018939651137e+00,-3.408881814495022589e+00
3.604701366252612615e+00,-3.569891040557738648e+00
3.609975697877235490e+00,-3.616737371469162632e+00
3.583433461197550685e+00,-3.611038956221706897e+00
3.579016959173394241e+00,-3.517938732096478116e+00
3.548012890041702505e+00,-3.561517104648124210e+00
3.606073480844422363e+00,-3.627190564192766864e+00
3.542482926470155391e+00,-3.471609471908531752e+00
3.576951538723536217e+00,-3.518482566799183253e+00
-2.991919322432263328e+00,3.083420782143114991e+00
-2.062370581976949779e+00,-1.080247914535447329e+00
4.653250725810920585e+00,3.494087552220646486e+00
4.845574981992260888e+00,1.457018559175616623e+00
-4.487218265175305199e+00,-1.878345125144864625e-01
-2.101862802317002732e-01,1.995795093900820660e-01
-4.309685678297335620e+00,9.317626215972554249e-01
-4.304765581250622475e-01,2.273321683981671448e+00
-7.344859838445501055e-01,-1.911691983673133866e+00
-3.877363544900670256e+00,3.816863847327759629e+00
-1.702221079122341330e+00,4.923682479616891428e+00
-2.388373031915090206e+00,-3.428612643377251246e+00
1.959250360267655644e+00,-6.371026878317325171e-01
1.433751350660990909e+00,4.596693907087985309e+00
-4.845276320911435342e+00,1.953183988000274596e+00
2.760930537575040589e+00,-2.204414989156875837e+00
3.704697831377293582e+00,-2.722414434728278820e+00
9.303910706183682322e-01,-7.713016435168720264e-01
1.143773667848098086e-01,-4.311306839022936543e+00
-3.404687882546355571e+00,-3.833542497775090929e+00
2.041184675571488860e+00,-1.601361212406831491e+00
3.235629186227498622e+00,5.135800580720690789e-01
-1.132893906479072843e+00,-3.286375143988926606e+00
2.525615143144207764e+00,2.497806139731432395e+00
1.292212382892850009e+00,-2.427008082198654826e+00
-1.563949954390931207e+00,-4.907493862112782601e+00
5.952436646324148484e-01,4.170114407265504752e+00
4.143830415776786680e+00,2.682560203892411010e+00
-3.167543329772861238e+00,1.083689138331028090e+00
3.636823131443208013e+00,-4.351866251402816133e+00
3.235188489311363824e+00,-5.000000000000000000e+00
2.420210468683871241e+00,-4.133113458795959261e+00
5.000000000000000000e+00,-5.000000000000000000e+00
2.854580197062994706e+00,-5.000000000000000000e+00
2.124350746977916593e+00,-3.150862371827754416e+00
-1.425500662456564260e+00,1.852725750585171305e+00
-1.419570701641021060e+00,1.831494617995000240e+00
5.000000000000000000e+00,-5.000000000000000000e+00
2.021081154041468153e+00,-3.416890522541463415e+00
-5.000000000000000000e+00,5.000000000000000000e+00
-2.367173740263902815e+00,5.000000000000000000e+00
-8.018078713921790168e-01,1.129981860417018424e+00
2.500731936216857854e+00,-3.262018680031986140e+00
-2.052756601101439315e+00,2.096146937171059932e+00
-5.000000000000000000e+00,5.000000000000000000e+00
-2.169194795535251519e+00,2.180623923571412881e+00
-3.822062367530207894e-01,1.016376263508984579e+00
-1.514722425162769781e+00,1.694452685939408454e+00
-1.355769385662937587e+00,1.809773301627757291e+00
-1.341078823545481136e+00,1.623115706277602044e+00
-1.459518418667246742e+00,1.600931167193589744e+00
-1.269975776647906507e+00,1.674248361196905677e+00
-1.580711219774193044e+00,1.757811398494066424e+00
-1.541560503676985938e+00,1.775097218195549331e+00
-1.642270742140972573e+00,1.727359939322001381e+00
-1.523877140893609816e+00,1.822366931594475048e+00
-1.481567962866139787e+00,1.830472202925427005e+00
-1.372498617209537031e+00,1.868222489205980885e+00
-1.589666783392616356e+00,1.764951117274888404e+00
-1.338466385249533097e+00,1.568810421778813691e+00
-1.278361084339200815e+00,1.651680450932620836e+00
-1.261563939456468830e+00,1.575270913742977896e+00
-1.204190077598439323e+00,1.562165441754203243e+00
-1.252545313970850227e+00,1.528269564847921202e+00
-1.233009508885417382e+00,1.651849115864597373e+00
-1.270545119398834188e+00,1.523882295407089416e+00
-1.194991700973659920e+00,1.551229429131187665e+00
-1.182318838710104458e+00,1.628575356918129380e+00
-1.289453186687210096e+00,1.589731398005204355e+00
-1.403142913355106103e+00,1.632203234805505332e+00
-1.292693185816641943e+00,1.693545346035484123e+00
-1.285157119930006697e+00,1.623954906519441188e+00
-1.248620812392885249e+00,1.564498886880238082e+00
-1.380146383457447445e+00,1.573319556236851824e+00
-1.436586779591649154e+00,1.749079658551585759e+00
-1.255613207891597582e+00,1.560452926575149668e+00
-1.196645522889252522e+00,1.513079927467085639e+00
-1.159427412872033880e+00,1.512434306234236026e+00
-1.325501823424337200e+00,1.805059344352547335e+00
-1.297535088252479873e+00,1.458634329928539586e+00
-1.477137426842967560e+00,1.828124163039502648e+00
-1.354155145240369507e+00,1.538144430774729621e+00
-1.287468971043186805e+00,1.542653472019390293e+00
-1.223443915461873921e+00,1.485631874134218933e+00
-1.480509664685866866e+00,1.780958033666550477e+00
-1.281854927356616436e+00,1.496070930564096457e+00
-1.648838426881504393e+00,1.881731272194676841e+00
-1.694795950183661137e+00,1.890632693794870534e+00
-1.445959688544092181e+00,1.837479502632048067e+00
-1.441121093628056737e+00,1.905343734744243456e+00
-1.588792843819772482e+00,1.886328011602445009e+00
-1.670756100531614496e+00,1.876910278805277166e+00
-1.590971784110628118e+00,1.937993109772486733e+00
-1.455535716019189074e+00,1.844483754854273627e+00
-1.588461758973152449e+00,1.815524907796700838e+00
-1.609215999746689718e+00,1.861592281196533527e+00
-1.666279680536238317e+00,1.802192699182086244e+00
-1.495569031070802968e+00,1.898624438450832841e+00
-1.335151560257270997e+00,1.608351397558358542e+00
-1.550077059823072201e+00,1.911348479503467424e+00
-1.085068914215221447e+00,1.528839719761013072e+00
-1.063623478649877718e+00,1.568699667873010739e+00
-1.023100430423257379e+00,1.397842982283261648e+00
-9.128334483394437981e-01,1.304827025367548465e+00
-1.574371477715045931e+00,1.857806092020112487e+00
-1.484833289552656588e+00,1.823496773918686920e+00
-1.472768154573948607e+00,1.840183587478222194e+00
-1.548383591954474614e+00,1.778370498041232040e+00
-1.351783158081085290e+00,1.865334667407787528e+00
-1.352663884649747850e+00,1.904094912542931617e+00
-1.497174039042977078e+00,1.844748345730843120e+00
-1.489453542017316501e+00,1.913590853249074186e+00
-1.425000566770851407e+00,1.854908344491427385e+00
-1.557425847051420842e+00,1.907204238546761133e+00
-1.241029371745035803e+00,1.623087481797260700e+00
-1.378969011734012096e+00,1.821784435529393065e+00
-1.178431677789234300e+00,1.782779656759355902e+00
-1.575046842842919403e+00,1.815763545139103208e+00
-1.658257696766052725e+00,1.896131009524411049e+00
-1.599738805091408089e+00,1.774565591409348997e+00
-1.237712658582397207e+00,1.601623213309948390e+00
-1.538042099493139414e+00,1.837183952068820680e+00
-1.687891674373720896e+00,1.912467630563902787e+00
-1.614365521839933759e+00,1.882609585582539324e+00
-1.539498984917136326e+00,1.738436043447761925e+00
-1.278703317896632718e+00,1.586128214849815699e+00
-1.196630636148339200e+00,1.694291209788980623e+00
-1.125767137950894003e+00,1.663144169541793005e+00
-9.666680449608620052e-01,1.526920583910301943e+00
-1.004030557443735816e+00,1.589527462103500710e+00
-1.002734323834436836e+00,1.563416080566188526e+00
-8.217575539602117729e-01,1.485351708893110079e+00
-9.116684000411447997e-01,1.544902766973051733e+00
-9.733336523351994174e-01,1.516481847277374229e+00
-8.335000728185084640e-01,1.471023597666646587e+00
-6.733329544222401708e-01,1.242405999110861359e+00
-8.623651529863627374e-01,1.423282132777026199e+00
-7.889328674580795564e-01,1.383516163264626897e+00
-5.491966426992345163e-01,1.133036999147812196e+00
-3.916964837369096841e-01,1.100410546882964802e+00
-3.773019176542256048e-01,1.109786971889946905e+00
-4.828058981600049648e-01,1.236465704908646934e+00
-4.072538082141319293e-01,1.100321958529704602e+00
-6.555311714535267953e-01,1.191876279519131998e+00
-8.034525476720979498e-01,1.439281916084174995e+00
-8.599907462478366682e-01,1.555215271870748595e+00
-7.577518246812360303e-01,1.448681685810405462e+00
-8.351467915612715842e-01,1.410613909128196397e+00
-7.211264009113911300e-01,1.325674237776354403e+00
-8.042321915475856287e-01,1.477471951052632626e+00
-8.299979900103924280e-01,1.528299672016219191e+00
-8.666596893319322703e-01,1.420640028143051126e+00
-1.057154238401563973e+00,1.541615363424337026e+00
-1.130889730723974029e+00,1.726957761270862868e+00
-1.047465871060391240e+00,1.641783199263545434e+00
-1.080674067890514678e+00,1.685108145881947017e+00
-9.598106470754155239e-01,1.537394981891790913e+00
-9.967446023842256864e-01,1.658051281910467800e+00
-9.211027819716965936e-01,1.683565166725154327e+00
-9.110537723547373901e-01,1.692325315516102435e+00
-8.496903467367538099e-01,1.684267718771540245e+00
-8.200488543679105291e-01,1.724979975551146794e+00
-8.011716054556181632e-01,1.715544515355013289e+00
-7.427058170436033890e-01,1.652094493359137495e+00
-8.796990035737959346e-01,1.814647685506628250e+00
-8.437951518004638274e-01,1.596814790708745768e+00
-8.476922529284989238e-01,1.679267125911424685e+00
-8.999997032157001087e-01,1.616468414684217869e+00
-8.885043725627461697e-01,1.612213509380114651e+00
-9.000997766852778526e-01,1.716244917692719696e+00
-8.702639530019231628e-01,1.705679590725272199e+00
-9.454430101226218852e-01,1.794039719926123766e+00
-8.854078824605240428e-01,1.745659271615446428e+00
-9.019523259663939641e-01,1.833579730253500628e+00
-8.557919744581701238e-01,1.781861258307438689e+00
-8.353431510451878594e-01,1.638629638758619222e+00
-8.936100128976658397e-01,1.710374901071288534e+00
-9.374136509522559280e-01,1.663360881044503969e+00
-8.779389436606175323e-01,1.556747789987102060e+00
-9.683104343473925013e-01,1.775939639104036516e+00
-9.266396890734620584e-01,1.832155654802405387e+00
-8.924372965124707235e-01,1.599993571604412246e+00
-9.890494652099359740e-01,1.756873013928218263e+00
-9.523400678546991571e-01,1.754442348315965461e+00
-1.147209272025372151e+00,1.865416490934025617e+00
-9.967015074383329676e-01,1.869134672306017819e+00
-1.025038767843808873e+00,1.941130228325135043e+00
-9.397538522993080790e-01,1.883778773309461307e+00
-8.864526472106337707e-01,1.861690707179876725e+00
-1.108245283150855798e+00,1.914293579323461891e+00
-1.060251369628828488e+00,1.880361540986575264e+00
-1.058155637508133573e+00,1.878014131731307046e+00
-8.904890881485050258e-01,1.721750603181617656e+00
-9.190291666623631173e-01,1.775743548286557782e+00
-1.066605444178045925e+00,1.928229530210330722e+00
-9.585609635719425370e-01,1.760029726511542769e+00
-9.496442867549914624e-01,1.843324244701768144e+00
-9.289470023706991597e-01,1.697241979288003577e+00
-8.897436071677953251e-01,1.793831960744457277e+00
-1.004808990880896591e+00,1.918829172869677357e+00
-8.780575151921174992e-01,1.893013280249155272e+00
-9.330290485035765968e-01,1.893069318317278871e+00
-8.616181242181850664e-01,1.799405515729127103e+00
-8.597233980681373566e-01,1.842121786385378712e+00
-9.933406942548517193e-01,1.911036463383888773e+00
-9.585596929848980707e-01,1.895572784707755254e+00
-9.598561697367049561e-01,1.896228246059450839e+00
-8.509449961748067892e-01,1.615926630176423906e+00
-8.539604036580001889e-01,1.627546996698746362e+00
-8.846944365832944968e-01,1.652033253464616713e+00
-8.894456297889776764e-01,1.630832042455875097e+00
-1.075733894096039478e+00,1.877892283703749499e+00
-9.500189583236098301e-01,1.718693349184857944e+00
-1.020641246209147646e+00,1.559086538127914423e+00
-1.049309168422759342e+00,1.538286609470778998e+00
-1.053933948050215008e+00,1.816916681238796016e+00
-1.102018700132549878e+00,1.584538108956850877e+00
-1.109984636862095808e+00,1.810567565655071931e+00
-1.141615689967980796e+00,1.864358077262324720e+00
-1.213121417438094429e+00,1.885897428148201271e+00
-1.196420816676751819e+00,1.959209262225663828e+00
-1.255318648981993856e+00,1.862247703008872435e+00
-1.072433130984168592e+00,1.872036869426446870e+00
-1.213308244202999653e+00,1.998475778282841731e+00
-1.256901273619017267e+00,2.029854628835902730e+00
-1.096983970586048684e+00,1.940310470713072277e+00
-1.055506311856275747e+00,1.887558383432280884e+00
-1.120727397637798717e+00,1.940103000322514148e+00
-1.114215656470138871e+00,1.794631106824009947e+00
-1.070347378662227733e+00,1.762777465891124606e+00
-1.098139840829551517e+00,1.690859936261796648e+00
-1.104480727023933184e+00,1.713182585494051224e+00
-1.051183607811641885e+00,1.775495615278757988e+00
-1.100518797039775620e+00,1.721685230867427308e+00
-1.170837711329148156e+00,1.715355146170106870e+00
-1.123965880761006453e+00,1.754189198364569435e+00
-1.108033431312573924e+00,1.761315563110333215e+00
-1.041983534395625188e+00,1.747138282986920643e+00
-1.069152631547365395e+00,1.732959989884859553e+00
-1.161020499077134449e+00,1.759969336897709624e+00
-1.125767117139128359e+00,1.743084613861229037e+00
-1.107144994719805098e+00,1.668527719566713863e+00
-1.139086098625980981e+00,1.739807459204273599e+00
-1.110406176618259355e+00,1.917225305684501002e+00
-1.114766634678014956e+00,1.770864956278421332e+00
-1.104171817971135727e+00,1.787264174311879117e+00
-1.107178505857029371e+00,1.631647056798650297e+00
-1.128119798073174973e+00,1.780192365006274535e+00
-1.155348706216832166e+00,1.692984351048448133e+00
-1.058261637044051184e+00,1.644235866246209987e+00
-1.049694805104106621e+00,1.733391496731043091e+00
-1.106881758310451769e+00,1.750196632957385035e+00
-1.103998135396312641e+00,1.702079036235827125e+00
-1.048516519615704468e+00,1.729556754503107641e+00
-1.091831922047474812e+00,1.699696956435420958e+00
-1.095490645350514214e+00,1.719541638901805669e+00
-1.176179815066669132e+00,1.753074398543816415e+00
-1.101708185182307176e+00,1.624305856734054920e+00
-1.114230603729342572e+00,1.761791690634678886e+00
-1.040211035466971357e+00,1.646731666020087914e+00
-1.037003669787484039e+00,1.723334977903681953e+00
-1.118812120130259213e+00,1.677219831906482383e+00
-1.108830403044959390e+00,1.691975948206069447e+00
-1.086238581664148661e+00,1.705217739722781900e+00
-1.116291023896277324e+00,1.738736650406963236e+00
-1.096201345363104984e+00,1.630473928387679017e+00
-1.075924477148179292e+00,1.770715150505640878e+00
-1.056164468358343989e+00,1.755193321326068201e+00
-1.030127262062890736e+00,1.645323731175518667e+00
-1.119663563313029186e+00,1.669603215548191244e+00
-1.068769392611886637e+00,1.701657648354796493e+00
-1.116975265433485021e+00,1.663551354224393819e+00
-1.085411886262518166e+00,1.653471272371477951e+00
-1.098300205427541698e+00,1.746329380104692852e+00
-1.028955854396574665e+00,1.681374455793713807e+00
-1.031157757609515446e+00,1.724897951482391889e+00
-1.086965506759631772e+00,1.743262722959412869e+00
-1.119342799740792316e+00,1.677310657971804453e+00
-1.028564927594465495e+00,1.661599430524550947e+00
-1.061287365018217521e+00,1.731017591677233014e+00
-1.021437475481873136e+00,1.627117044215934172e+00
-1.141306414788747503e+00,1.724152102388037733e+00
-1.104442808703386625e+00,1.692912737393389655e+00
-1.151645297834199333e+00,1.729139583754349729e+00
-1.019730466834321003e+00,1.686475774728667609e+00
-1.129841631838195415e+00,1.723815789384117281e+00
-1.057779012085333648e+00,1.684254736582228240e+00
-1.065627960186340317e+00,1.702240256416435393e+00
-1.151334728083598158e+00,1.670505318423418650e+00
-1.114844169950307773e+00,1.704613052373101567e+00
-1.103499197932598097e+00,1.754564838592283849e+00
-1.098780735297989253e+00,1.749733729702067642e+00
-1.082811866767074971e+00,1.684584673617153250e+00
-1.161946334593197072e+00,1.747219007363161936e+00
-1.121373474658946545e+00,1.723576036634273834e+00
-1.045283157000420626e+00,1.731368011016395592e+00
-1.147942920631968011e+00,1.825537044625983540e+00
-1.005689440038492144e+00,1.649643355318614724e+00
-1.033164565145119340e+00,1.717716961246914309e+00
-1.061619491638473356e+00,1.691229801517795117e+00
1.102410268132860693e-01,8.158610918757975838e-01
-1.873945535201965384e+00,4.212462806606273702e+00
2.845582492099349103e+00,-5.020419104626014928e-01
-2.423378429165609749e+00,-1.206095374010949239e+00
3.202352506786709796e+00,-3.378849748486677296e+00
4.561072926326044552e+00,1.425742565421074914e+00
1.149067724178786776e+00,2.839175142271466612e+00
3.803344524867600995e+00,-1.937677169573022606e+00
4.311680806690070256e-01,3.960073261419879032e+00
1.955620078132756845e+00,-4.328709072033820604e+00
2.136945934109951928e+00,-2.649486503536578663e+00
-3.576551664682061649e+00,5.300160531181061785e-01
-2.081125868044329863e+00,2.090877384654414861e+00
3.504225980620326197e+00,3.558532865232258757e+00
-8.222517191519465030e-01,-2.222023083932375798e+00
-5.689352573353412268e-01,4.370068511134807210e+00
-1.403191745146685765e+00,-3.202265203757169942e+00
-3.204311568440281199e+00,-4.517141620395793034e+00
-6.005402517529567774e-03,-1.631532633263752530e+00
-3.900894473419200370e+00,1.887048629205390071e+00
4.874561894861358269e+00,-3.816470340973221909e+00
2.595512707853364631e+00,4.855545400678405343e+00
-4.552030076983936802e+00,1.291162432195097409e+00
1.448731930928484957e+00,-6.715706033821033927e-01
-2.854910324941831057e+00,-2.921273937857031378e+00
4.202901110865850498e+00,1.789318268390394095e-01
-4.696042210813254236e+00,-1.509022930210388580e-01
9.986623439958499659e-01,-4.669733866864328675e+00
-4.303319275377141651e+00,3.240788371984340444e+00
-1.029182039320774678e+00,2.343193440203457989e+00
1.596178464308803946e+00,-2.417027046852151528e+00
1.594285916461927854e+00,-2.412433676027941232e+00
3.331659464133956305e+00,-5.000000000000000000e+00
3.339950463854339802e+00,-5.000000000000000000e+00
-5.000000000000000000e+00,5.000000000000000000e+00
2.375643458120052287e+00,-3.113171854651251458e+00
6.140924765632735927e-01,-5.472036135223481423e-01
5.000000000000000000e+00,-5.000000000000000000e+00
5.000000000000000000e+00,-5.000000000000000000e+00
2.301712599660401537e+00,-5.000000000000000000e+00
3.262986672564069934e-01,1.279505428618836760e-01
2.420625432280774092e-01,2.115935110771935967e-01
9.793759615279871156e-01,-1.125955517636886949e+00
9.770038119600110704e-01,-1.046110152587838016e+00
-3.231398707876886434e+00,5.000000000000000000e+00
-5.000000000000000000e+00,5.000000000000000000e+00
-3.114070432822325429e+00,5.000000000000000000e+00
-5.000000000000000000e+00,5.000000000000000000e+00
-4.910693549731606211e-01,1.104622527890940731e+00
-5.065287769274267049e-01,1.107762676360588117e+00
1.479317289364812105e+00,-1.747303272415351216e+00
1.341763226937102260e+00,-1.671394285055587847e+00
1.020517327918476269e+00,-1.137627732276897952e+00
1.215404308631566010e+00,-1.430109959507309014e+00
1.313195500647593938e+00,-1.482058216269403594e+00
1.283681765153536602e+00,-1.423725338781404837e+00
1.117797013588281985e+00,-1.172439959604496540e+00
1.374230482580022894e+00,-1.716047871451981788e+00
3.739476914890280668e-01,-1.242107121177298268e-01
2.495950634378178989e-01,-7.719739710223549878e-03
3.160945845554739009e-01,-6.417921716122432230e-02
2.594638626626153410e-01,2.542916670184425243e-02
5.849879537860900314e-01,-3.646454452136396185e-01
5.096352654647606784e-01,-2.404811067265857361e-01
5.578784005920889300e-01,-2.880753942622433783e-01
4.788655696889110303e-01,-3.159301917754984146e-01
5.981326167364811042e-01,-3.194206443157945330e-01
5.061471425416232961e-01,-3.157079431743161635e-01
5.306915059788934741e-01,-1.897889267626560184e-01
5.514195211795511753e-01,-3.672452883543897428e-01
6.372865353314507431e-01,-3.692786329782569155e-01
7.049977468103616474e-01,-4.623660349650116075e-01
6.306339681610531045e-01,-4.447188129868813178e-01
6.834890065639225298e-01,-4.378735327258089782e-01
3.040629451870440647e+00,-3.373431008043588086e+00
4.718199037166819210e-01,-3.051663159394308877e-01
4.760444031664476938e-01,-3.315143993721916260e-01
4.421350544476618794e-01,-2.969479396343155386e-01
4.515240479221525050e-01,-3.753954692463512544e-01
4.763899284354211616e-01,-2.527772414822990754e-01
8.434986881931827440e-01,-8.850966328309244346e-01
8.529588515962496231e-01,-1.012607931806845052e+00
8.617798558073710424e-01,-8.785895273521804327e-01
5.084437952183762377e-01,-2.513384135639835648e-01
5.294096193164286035e-01,-4.507922662202918929e-01
4.682516951515456327e-01,-2.465531581569182507e-01
7.116168350164295830e-01,-6.998728600290871071e-01
7.401122642119171147e-01,-8.161240620266738688e-01
8.018140522540573301e-01,-7.911089850919417188e-01
4.472242653340714469e-01,-2.152834112456698534e-01
3.598500080206159524e-01,7.709855359002482089e-03
7.539527595791959413e-01,-7.382004941030988476e-01
5.784053176868555468e-01,-4.444910053628863267e-01
6.290221759593395134e-01,-6.520661013813988660e-01
4.416185344255909584e-01,-1.495642076550760535e-01
4.704075524852360246e-01,-3.086072568893420964e-01
7.502075866329525056e-01,-7.178090784262352031e-01
8.059143329885207763e-01,-8.325541295771685668e-01
8.010806416439288924e-01,-9.722987949331542978e-01
8.577172143537472593e-01,-8.179112877029304229e-01
8.201704893233587867e-01,-7.478014306705835779e-01
7.944251886593400869e-01,-7.073928439124808065e-01
4.535123445315827340e-01,-1.514984996902066783e-01
4.180837267119184020e-01,-7.223726043298217547e-02
9.413960507027860913e-01,-1.141295939392344749e+00
1.086070160333916235e+00,-1.321298120645579388e+00
1.270930273442259839e+00,-1.678927534848195346e+00
7.595142383581956480e-01,-7.972694460147113915e-01
9.116901301090738485e-01,-1.011697269753496720e+00
5.287210419122008176e-01,-3.254837186497985257e-01
4.972552396962592880e-01,-2.349276083752158684e-01
8.033862319102755833e-01,-8.638688156073550672e-01
8.809470365276608206e-01,-9.599921132168418580e-01
9.977213933745110452e-01,-1.119442353777135857e+00
8.793121131766632459e-01,-8.949352927604303787e-01
8.045337091289646025e-01,-8.596633897667267377e-01
4.531482508549030896e+00,-4.953433044049827316e+00
6.241754796786640469e-01,-5.068509559458593827e-01
6.096829880190419715e-01,-5.460484081209227014e-01
4.992471036648451488e-01,-3.982725002651621438e-01
8.687556099855449077e-01,-9.910609961945180402e-01
3.072198681820879074e-01,1.676610631794508421e-01
9.239937552607013771e-02,4.525646705437900152e-01
-5.386178317192502618e-02,7.903296065546179250e-01
-1.651748426268309089e-01,9.347401480504622384e-01
-1.723458811665556922e-01,9.890399184026268387e-01
7.376595278794173538e-02,6.055644681979019950e-01
1.956330437556363933e-02,5.205056392812092980e-01
-4.525069590204466863e-02,7.856191611461591506e-01
1.028915591103629623e-01,3.806044208968568654e-01
3.382910442579101229e-01,3.973156871612903984e-02
2.175011618079700781e-01,2.877625676610868766e-01
5.058559369610833301e-01,-2.470979254452432272e-01
3.997307717737799138e-01,9.109583890414540974e-02
4.558111133983526742e-01,-1.146972410192050873e-01
3.833743079559539524e-01,-2.960983798217142748e-02
3.357262365577797780e-01,5.955585277141128842e-02
2.244384799018703802e-01,2.155966134570119763e-01
3.045318313098919205e-01,2.025289172211426347e-01
2.433240711790327637e-01,2.392183964043672617e-01
2.394888102968772969e-01,7.505553782130114371e-02
2.402374327402778675e-01,1.644325614106021405e-01
2.337572974606239029e-01,3.225236185816751089e-01
1.986260013661675927e-01,2.765906878870696417e-01
2.307682421830907771e-01,3.690658641376165505e-01
1.489391452982484765e-01,3.777953934846678408e-01
2.017645663586069560e-01,3.700482803488425176e-01
1.845450442899023713e-01,5.183778922276758294e-01
1.279196285797734589e-01,3.525738888355931522e-01
1.574271343384143762e-01,5.097123833631744816e-01
2.312450772955934042e-01,4.332731788623345182e-01
2.042038317070460351e-01,2.955653966099411889e-01
2.773132561989877232e-01,1.697576647688237017e-01
2.342525108341870776e-01,1.953859163388997899e-01
2.619364799697310175e-01,7.760727303401271371e-02
1.496144582218992269e-01,2.823677306190024439e-01
3.515414899239752700e-01,2.058317705920487128e-01
1.790212734740670442e-01,2.730998856936839303e-01
2.523012964159505600e-01,2.824190754691286998e-01
2.233160621930654344e-01,3.075480128267820135e-01
3.728968218565587023e-01,1.217622859273568281e-01
2.165700708919082729e-01,1.447451491676696733e-01
2.097178084812263421e-01,3.217323664930207272e-01
2.278351690192952361e-01,2.935707227259225505e-01
1.813675016067728407e-01,2.514008675542802607e-01
2.036220898589347073e-01,1.165641497517455605e-01
2.782780661811941059e-01,2.131100183768719347e-01
3.210217584700245652e-01,1.858055360514594412e-01
2.477991446196705638e-01,2.245635761438977696e-01
3.154843055352687387e-01,8.947926949885243175e-02
2.827126189788913280e-01,2.064403097943809939e-01
2.841782283380265284e-01,3.486840254097423042e-02
2.545467623204631380e-01,1.731853521948796271e-01
2.774365037848358639e-01,7.640146049857765576e-02
2.535832021310202578e-01,2.500485429608758636e-01
3.315205378430743366e-01,1.035095677455650787e-01
1.925445803102903142e-01,2.682194901856114200e-01
1.583962424155940241e-01,1.686065486798682400e-01
2.559452060612779078e-01,2.514303294000432842e-01
3.106009791579751322e-01,1.637434572412832523e-02
2.502929904538051531e-01,9.069190759226586351e-02
3.245897613029402606e-01,1.247224155093116238e-01
2.861691095867850976e-01,1.961445438624407345e-01
3.513955408079461051e-01,1.714242446687510579e-01
2.634855012394501372e-01,2.173014521979279579e-01
2.416208637857275576e-01,2.490410752436913455e-01
3.187211370986462455e-01,2.441923449721938866e-01
3.313478483722231971e-01,2.334614882570784644e-01
3.448695759066051636e-01,1.609831425875771771e-01
2.481475134230759494e-01,1.869883793187891996e-01
3.032405184957953637e-01,2.133498097705954777e-01
2.283653845447215502e-01,1.965051359955252153e-01
2.297325495150994712e-01,1.120271797098446598e-01
3.082052487538247121e-01,2.529262676636365725e-01
1.973700960638460344e-01,1.940562646308912065e-01
3.549820578661240233e-01,1.440239720420848357e-01
2.298067994036490092e-01,1.815895014028123811e-01
4.339707834756421079e-01,7.927497112438341986e-02
2.855843298658120588e-01,2.161101653653485499e-02
3.281976712180378897e-01,1.551713992991139435e-01
3.416693360761149378e-01,1.075053448001614953e-01
3.236206839232007582e-01,1.355991384836698899e-01
4.074547215438206749e-01,4.353208379784501147e-02
4.963376133007582069e-01,-1.099466862284792512e-02
3.124844935330113316e-01,1.003671852799143949e-01
2.357877689444523028e-01,5.418539710850023283e-02
3.954648589741260878e-01,8.715693656723733085e-02
5.258434374581808513e-01,-2.316944949447883317e-01
5.493471757413592726e-01,-2.670324098792047351e-01
2.854923626301744122e-01,-7.362017068816228971e-03
4.355359383290817732e-01,7.936767962377633268e-02
2.864640148895647442e-01,1.080483024890614985e-01
3.828959187134923781e-01,8.566273206748764579e-02
5.674193726260341464e-01,-3.128459454694434427e-01
3.178681707777819554e-01,1.879187011543113073e-01
2.838688129159061546e-01,1.722571062177005174e-01
3.091334658803814861e-01,6.994077354053107598e-02
2.959583486462165069e-01,1.934393299907242181e-01
2.707631968334025530e-01,2.227157348477213361e-01
2.760220278293310514e-01,1.368773822234512494e-01
3.471170848568903011e-01,1.805888543505984600e-01
2.672971826146186558e-01,1.939246952383557598e-01
2.104027885606747361e-01,2.704859705803333014e-01
2.455747492685969036e-01,2.621566786561144724e-01
2.441831953579605141e-01,3.368325892535271038e-01
1.997557681524755324e-01,3.668358166463256964e-01
2.385011065638149574e-01,1.428658270854405998e-01
2.431751240324793173e-01,2.455118856289928431e-01
2.255202106519647032e-01,2.524590296515256682e-01
1.192915355424712942e-01,4.220026796331790564e-01
2.473943146989965314e-01,3.376208221072207749e-01
1.944444509217664319e-01,2.860580446215399419e-01
1.704635066861381887e-01,3.636245146440684195e-01
1.378547299701038398e-01,3.496137299747505978e-01
2.728397872422929638e-01,2.297123765921069705e-01
2.356954203968104622e-01,3.070433195278177152e-01
1.435309058375002778e-01,2.170372374441376095e-01
1.730332939320433638e-01,3.606085499417908125e-01
2.623848232417298476e-01,3.832839517017481157e-01
1.210057033141982430e-01,4.182541115156332978e-01
1.202617591363450700e-01,4.669384682192037062e-01
2.222722122654205990e-01,4.491778091728590994e-01
1.902926227103094448e-01,4.142378903260377498e-01
5.845765390381529869e-02,5.291394377920877190e-01
6.430797175620384110e-02,5.309446733299001409e-01
1.821662623838360417e-01,3.579548782155850262e-01
2.873625404345094836e-01,2.672119533722794316e-01
2.488248269027968362e-01,3.242028970434764901e-01
2.248952417535576842e-01,2.497939122369228215e-01
2.055874974158067303e-01,3.132798885709746628e-01
2.106697359343439047e-01,3.643524277708243275e-01
2.453693128757974407e-01,4.445713679010951935e-01
3.399971561639594242e-01,3.128767243507137863e-01
1.615505632805911418e-01,4.021927410518033597e-01
2.328049014511606174e-01,4.364194713084046384e-01
2.961709058192738553e-01,3.865767242058772979e-01
1.868977796332051966e-01,3.674801918202907913e-01
9.225596068392594162e-02,4.339650814996716122e-01
1.534608237099881478e-01,3.959487133683223803e-01
2.578564880395104453e-01,2.982819621587839976e-01
2.732990622944964088e-01,3.059548273840073662e-01
1.626410370656365956e-01,4.328201375090348080e-01
2.672650435327188490e-01,2.689532041882305435e-01
1.732365937748330253e-01,4.425991316362267725e-01
1.341625555097847311e-01,5.028762195111644573e-01
2.440902368103792242e-01,3.126782430427565984e-01
1.780090541944554516e-01,4.000604142673314101e-01
2.448754318631891636e-01,2.792570269269534222e-01
2.256281829562638563e-01,3.943531136693456673e-01
2.248361916421259821e-01,4.129764827930868520e-01
2.627701477195660829e-01,3.709506965525122268e-01
2.390798469360069234e-01,3.220908791342829147e-01
3.295258028712968468e-01,3.393009205624197833e-01
1.977057048790422655e-01,4.514426895387293470e-01
1.659749357169602035e-01,3.361141326466485779e-01
2.644596908214715825e-01,3.917976548133861314e-01
1.532671054606780103e-01,4.652899888089976344e-01
1.725287914760551544e-01,3.367087066980243293e-01
2.269685896094708610e-01,4.002312478336840229e-01
1.806795083724956896e-01,3.959664862981782107e-01
1.514699298128183713e-01,4.393816635046441377e-01
1.329520243860464745e-01,3.673420887735474594e-01
2.759698601224886971e-01,2.098892240995127167e-01
1.847003828318882768e-01,3.429630385356006173e-01
1.942567838452236018e-01,3.485591291466105801e-01
3.238107089575068542e-01,3.213408808063977773e-01
1.964924705546211570e-01,4.164628191231685150e-01
1.531355329999426473e-01,3.657323920305035614e-01
9.430994637964218441e-02,4.771141064546569055e-01
1.678709138532639145e-01,5.200047386004866823e-01
1.193971211700155521e-01,4.559716321048572496e-01
1.403545070578315901e-01,4.384054873533438368e-01
2.556380884222679839e-01,3.738806461175379070e-01
1.158848171013033834e-01,4.308114116429218043e-01
1.164834351754162611e-01,5.529063759496688490e-01
3.049925265534225716e-01,1.448004548853969453e-01
2.803043810147869408e-01,1.426547282666366101e-01
2.831286790597165037e-01,2.195602991690357442e-01
2.413106722532187831e-01,2.131928709121320153e-01
3.131328467081537781e-01,1.871095504817619215e-01
-2.464446578699787338e+00,-4.998326366425978939e+00
4.830675618795687853e-02,-5.967165464734494051e-01
4.489682168085312952e+00,3.835582464342735420e+00
-4.575690626930356331e+00,3.369318441640594131e+00
-3.974790617342243593e+00,-3.600458353694513391e-02
4.111358475645785049e+00,3.763573830014665944e-01
2.806118033215096119e+00,1.513391693970494778e+00
3.010171403208527607e+00,-3.105947133786841619e+00
-3.365092730925277387e+00,-1.410207592808189858e+00
-2.885876922097629471e+00,4.862939330397475501e+00
-4.037920261764006646e+00,-4.375003861416812079e+00
4.334559325668774221e-01,1.739493229522537376e-01
-3.077150164834637991e+00,-2.731665111600737994e+00
4.865053603329132059e+00,1.797579356525097261e+00
-1.666791503727926393e+00,8.818310016519106398e-01
-2.233027292819428133e+00,-3.796972600018179822e+00
1.276092528282019245e+00,1.163055546542894447e+00
-5.970808273261969390e-01,2.128744502615321998e+00
-1.474233608830096021e+00,-3.436317407044799932e+00
1.847894074198377368e+00,-4.299942237241682896e+00
2.642672737632424607e+00,2.652720229692457465e+00
1.378708934213984882e+00,-1.854197491208478432e+00
3.444236405181207772e+00,4.139526913391842200e+00
-1.296476749887398583e-01,-2.060513434847097702e+00
-1.080935529688994201e+00,3.078318439220486979e+00
2.233595525753785616e+00,-2.534512684320049392e+00
-9.669493593016778021e-01,-8.472678609025372509e-01
7.711551377111778294e-01,-1.281418097009356494e+00
3.672715789077740212e+00,2.943590339052157390e+00
-4.717061883620237595e+00,4.500415938195530430e+00
-1.175414984446025102e+00,1.238170675432192169e+00
-5.000000000000000000e+00,5.000000000000000000e+00
-1.991552270081416331e+00,5.000000000000000000e+00
-2.468090409510508287e+00,2.503280144308615007e+00
-2.978331737958672676e-01,5.937207819750938143e-01
-1.077305973885938073e-01,3.912768202998879730e-01
-3.383789512486776729e-01,4.730034654763386470e-01
-2.700517542964853135e-02,2.644999536257275352e-01
-5.000000000000000000e+00,5.000000000000000000e+00
-8.286609430069997728e-01,1.055280931810567147e+00
7.450179543705104379e-01,-3.939069925764595581e-01
7.947722638877809942e-01,-4.273386420807332442e-01
-3.063604556798227740e+00,4.253939357883693262e+00
6.293380325788007212e-01,-2.517834721351661642e-01
-2.897310453534727603e+00,3.948936961078858943e+00
-3.048107944084943455e-01,3.508153042051116444e-01
-1.600764118011284154e-01,1.513771730052528852e-01
-3.053067255619232867e-01,3.278669710315895713e-01
-2.088040083333195795e-01,2.894618809989975006e-01
-4.345725643871301003e-01,5.211691431862259805e-01
-5.062389441043144700e-01,5.472112289080302006e-01
-4.709195857240535688e-01,5.479288901306595960e-01
-4.821180770261621618e-01,4.586507375805846110e-01
-5.931582565077260227e-01,5.556831179761232420e-01
-7.275592427250554550e-01,5.540482887417885749e-01
-7.314876662165881172e-01,6.063622086436826208e-01
-7.089537642228052050e-01,7.467088956732306215e-01
-8.444324298146277386e-01,6.534811187776456975e-01
-7.453771943051910043e-01,6.387500699305723728e-01
-9.190833998147525108e-01,8.050538046483088905e-01
-6.905691691826190137e-01,7.458434484976264045e-01
-5.932094985815270505e-01,6.944590492208089216e-01
-6.918313340298718472e-01,4.963348154539035662e-01
-5.993528458709809215e-01,4.881874816567748354e-01
-5.177418702369749326e-01,3.992759364855480442e-01
-6.462511234460288634e-01,5.206245620880212144e-01
-5.659425298681144412e-01,6.030206114506704296e-01
-4.731900629354157672e-01,6.044920567407494616e-01
-3.771447023779428420e-01,3.734215963613918277e-01
-3.325004780116209702e-01,4.218495636127066462e-01
-3.945530354837707421e-01,3.695550551944846163e-01
-5.857565379486961987e-01,5.203506241419653122e-01
-5.847552435414904437e-01,6.557798709033644258e-01
-5.678752433981131276e-01,5.216390524385348115e-01
-6.918240498272538730e-01,6.400394556501929344e-01
-6.215374056830906824e-01,6.877054939452449389e-01
-3.075236654661681612e-01,3.632966017387806446e-01
-5.890097375990883677e-01,5.821246700463849066e-01
-6.314585688139198183e-01,4.411269678678708672e-01
-6.038825844480788518e-01,6.519305089660090147e-01
-6.689088893849648443e-01,5.081766543761467858e-01
-7.162662205442877905e-01,6.607194985829565326e-01
-7.146323726219723227e-01,5.377852593641545553e-01
-8.101591559179155411e-01,8.525602714368698543e-01
-7.405028900237962119e-01,7.138298078896712084e-01
-8.881976009330196931e-01,7.133974105003115795e-01
-8.991729667661250147e-01,7.188432527013786100e-01
-8.109631179636958009e-01,7.975632683484592533e-01
-7.836278456298630957e-01,5.914356633446793410e-01
-6.708979312401295303e-01,4.630475800407332088e-01
-7.303572930788693185e-01,4.635995455493677753e-01
-6.027408343454565554e-01,6.667560311903786285e-01
-5.726744070681899501e-01,6.380363844453595945e-01
-3.914062343899047391e-01,3.721651911775065713e-01
-4.411191662387263790e-01,4.025307301977463226e-01
-3.926381155238409804e-01,4.352364250601006290e-01
-6.886063285297581160e-01,7.097686311252537905e-01
-7.507680411676895815e-01,6.424290699009747030e-01
-7.417317488749120002e-01,6.530012906598301470e-01
-3.388274619187079395e-01,2.885423112055143235e-01
-6.642244878114658135e-01,6.287210310686663917e-01
-4.248472631719470982e-01,4.259624734036897564e-01
-4.688435295653627932e-01,3.931494558559824881e-01
-4.259682127723802836e-01,4.236721638111724531e-01
-4.196582990292778703e-01,4.411083787002461065e-01
-3.437214762469578133e-01,4.648972663821204776e-01
-4.226105933836157291e-01,5.013645427265576160e-01
-4.713229200435780086e-01,4.410187359493900061e-01
-3.692729953331133075e-01,3.182604219379649990e-01
-3.635126325234949718e-01,3.616278455876660303e-01
-3.538677867727617610e-01,4.174195427671198999e-01
-2.402510709278038448e-01,2.691743490779865411e-01
-2.090027998500296746e-01,2.833700237992822224e-01
-1.077908537840492897e-01,2.140381325407130220e-01
-9.473229046147402244e-02,1.220056907482245379e-01
-2.211359010837448125e-01,2.294034998032614681e-01
-2.546665974982058600e-01,3.024314284308964318e-01
-2.614132944864326902e-01,3.952814046172283824e-01
-1.482240352816477369e-01,2.577555867304939241e-01
-1.825584752692277490e-01,2.838876291905378935e-01
-3.406790708962788017e-01,4.499102829940193615e-01
-2.745669236275318781e-01,3.229003547574649247e-01
-5.648049453658297026e-01,5.997632833424155763e-01
-2.867238687837412314e-01,3.098596913805726771e-01
-5.672759354803158516e-02,2.014424117356892197e-01
-1.277674419398211469e-01,2.040206653001348513e-01
-2.224364037750792278e-01,2.075813316085408644e-01
-1.704947280504498508e-01,1.898436408211221504e-01
-1.671434325426783829e-01,2.511617775581633794e-01
-3.019908549375704965e-01,3.365392659183061852e-01
-2.640324283808865857e-01,4.426698040321834782e-01
-3.961872092408729173e-01,3.591617784799003843e-01
-2.504086671229597272e-01,3.370876161340907728e-01
-2.083300243431747134e-01,3.844559610778999215e-01
-2.372574380681129469e-01,3.633023734432558882e-01
-3.457254261328222000e-01,3.753820671499390471e-01
-2.541900424472380848e-01,3.568490198051774698e-01
-2.581954158306984937e-01,2.912559728119887836e-01
-3.185557693563456638e-01,3.196582498789668492e-01
-3.248281891609385852e-01,3.154204196876921884e-01
-2.814453568946886364e-01,3.821742625306665531e-01
-2.756461963822856021e-01,3.574731412722584878e-01
-1.500770773903319366e-01,2.515651563835863413e-01
-1.092961151374414186e-01,2.267330991599623147e-01
9.516975078494027684e-04,1.624414305614028109e-01
-1.798189040416886542e-02,1.435056401391721081e-01
9.051429238349228967e-03,1.504346315952131974e-01
4.875166020791965593e-03,-6.828609612787417404e-03
1.825057115081438752e-01,2.740761110026923575e-02
6.674796277570393954e-04,1.162160091929020922e-02
6.652251803304842781e-02,7.661063959904623744e-03
2.544047097584041239e-01,-1.213534871989594421e-01
1.826354970303274428e-01,1.131886965556549995e-02
2.452244598673676279e-01,-8.063435282175124286e-02
2.081278863434281590e-01,1.873278434436631557e-02
1.593872812687910923e-01,5.223715437510989545e-02
-4.664417345255600367e-02,2.446422694733776382e-01
-1.307141606651178734e-01,1.347081667270391137e-01
-1.353678434233396288e-01,2.360118897116647574e-01
-1.904319855937259831e-01,2.424197961634213527e-01
-2.815948150455600540e-01,2.979500091947793194e-01
-1.935189036658808703e-01,2.349513897136743523e-01
-1.524662049025256039e-01,2.476276696202992511e-01
-4.296495393853572153e-01,5.265929186539262119e-01
-1.891577703469486949e-01,4.399240232449352916e-01
-4.153337521180313630e-01,5.666104745833493439e-01
-4.610397485615962410e-01,5.999356280327337032e-01
-3.642919987335382359e-01,5.050989949964179715e-01
-5.113566791925396871e-01,5.540813470045549138e-01
-4.187136151017902819e-01,5.310314843330150580e-01
-3.051271207885388748e-01,4.413489623877433488e-01
-3.699412613228458824e-01,2.930145485451953746e-01
-2.703885708928099874e-01,2.763006210851726152e-01
-2.939369134580536169e-01,3.029656889002705356e-01
-5.314320991254914972e-01,5.133603074653150244e-01
-3.787675550429225879e-01,3.345880825482794307e-01
-3.915625607842905254e-01,4.721511344906437202e-01
-4.135716966534150885e-01,5.412786888463374524e-01
-2.094932402720948161e-01,3.157397382747415548e-01
-5.649160097395187208e-01,5.740350244379204270e-01
-4.611243705131462534e-01,5.338614579877685173e-01
-2.947821178161982303e-01,2.883449413413323725e-01
-2.399571045294957017e-01,3.216451374010826925e-01
-4.978810125455073177e-01,4.597922512004899431e-01
-4.811882818166051123e-01,5.142514518278886726e-01
-5.341789563566976540e-01,4.938385969778860130e-01
-4.612826613135565523e-01,5.593889708049912812e-01
-5.211640639326811097e-01,4.100011206876761349e-01
-5.113164489732806572e-01,5.354312040069668654e-01
-4.379107448020223003e-01,5.302860213698288305e-01
-4.520768070373595293e-01,4.867472490588644618e-01
-4.993152880993871889e-01,3.954503708829415487e-01
-5.913167937192911339e-01,4.633742364035642325e-01
-6.114856520498870296e-01,5.648542676969157128e-01
-5.037750335234960630e-01,4.677157831055485104e-01
-5.369282754092523646e-01,4.138529721878727585e-01
-5.184942046132867688e-01,4.814021186845165445e-01
-4.967721076305355865e-01,3.598363877805210720e-01
-3.976847012766189238e-01,4.383991515386211901e-01
-4.027543477801440730e-01,3.924368687718935433e-01
-4.340877169682482162e-01,4.321516053499019350e-01
-3.507870586463610607e-01,2.477014489036308831e-01
-3.892754230291561868e-01,4.233975276377419661e-01
-2.031372039588843492e-01,1.823110455606613556e-01
-4.661743315345487915e-01,4.033926146759636566e-01
-6.303019606513444728e-01,5.335551488253660324e-01
-2.494585190231628502e-01,2.219988903590621732e-01
-1.721774426789801637e-01,2.742486167202322633e-01
-4.106052364454857440e-01,3.989351907699445476e-01
-3.009496932077313502e-01,3.128194376014832301e-01
-3.363761055059386607e-01,3.091743372339070817e-01
-3.991236598043244044e-01,3.567318129182677211e-01
-3.807796080883356638e-01,4.192484832180038978e-01
-2.807661944464179271e-01,3.209903321196003745e-01
-3.888887235756897098e-01,4.266510165601120619e-01
-4.066433820382613362e-01,4.358189662197258230e-01
-4.102647668089440813e-01,3.886605921678221165e-01
-5.872051796737540741e-01,5.835632374563823888e-01
-3.968409082908816998e-01,4.190895820544824346e-01
-4.542862621175016713e-01,4.544577704906727078e-01
-6.036923243298204511e-01,5.794325174391614652e-01
-5.345502911827129111e-01,6.293447516905246175e-01
-5.170560377941200159e-01,5.465158928899036539e-01
-3.123526568679420023e-01,3.592915686608222359e-01
-4.156092283569146062e-01,4.070739876013140801e-01
-3.894784294770490263e-01,4.412352878627521235e-01
-3.765521315527777801e-01,4.083120882585875577e-01
-3.671288511336401328e-01,3.829593137696427618e-01
-4.407366925303479732e-01,4.760631588789969726e-01
-4.346132615658504506e-01,4.089143339140610678e-01
-3.912854343530201007e-01,3.522720852175442730e-01
-3.947843880438224318e-01,3.429665749785160145e-01
-3.663133972018881579e-01,4.252388006815461807e-01
-4.430631501868180777e-01,4.769704257030937811e-01
-5.617283050462038574e-01,6.835420715460589491e-01
-6.587035764233490909e-01,6.657007286057128326e-01
-6.000131444271588066e-01,6.554094358779511964e-01
-6.312950593138033639e-01,7.446720024762569778e-01
-5.946125399658006572e-01,6.566350567711793929e-01
-5.576239147298398535e-01,6.210350908468225128e-01
-6.690333795372520598e-01,7.051953462190860833e-01
-7.249567430624104247e-01,7.126592111977831934e-01
-5.179626987183008069e-01,5.621850019251546371e-01
-3.598397724767803396e-01,4.279863390419480496e-01
-4.487903012330534125e-01,4.424576123459358357e-01
-4.096117091692903500e-01,4.945508901730537588e-01
-4.259981453151073794e-01,4.251980886041604180e-01
-3.825247452377293911e-01,4.017121489306854087e-01
-4.207382268640920131e-01,4.554886801793420759e-01
-6.452374497946431475e-01,6.378384838752424457e-01
-6.612874907174663974e-01,8.069954834322121684e-01
-6.706840859032610069e-01,6.591612604483687576e-01
-7.513993162626331213e-01,8.340520750948199336e-01
-4.697212370603631726e-01,4.756074937625331955e-01
-4.112300446150172206e-01,4.653705001799028906e-01
-5.310322014631179144e-01,4.622837651213735910e-01
-4.860449425758393005e-01,4.980868561558082774e-01
-4.653554075620895958e-01,4.912501238696300732e-01
-4.996986593002574750e-01,5.353745900540189950e-01
-4.316214479657345393e-01,4.684733598429868806e-01
-5.018615578493834661e-01,5.001348362376267787e-01
-4.894020079318348593e-01,5.116248852264497771e-01
-5.469700756506368222e-01,5.135067970369453505e-01
-7.047445227579967053e-01,6.618117576840187866e-01
-5.155428838984441597e-01,5.329262520980568851e-01
-6.420784542199768907e-01,5.958489002751630181e-01
-4.610084545225143771e-01,5.525232190250441988e-01
-5.291131113167457656e-01,5.628664613383351778e-01
-5.477503660046734169e-01,5.580674910231300245e-01
-4.513967795872648736e-01,4.999997590715778983e-01
-4.757448183271959508e-01,4.911262180829014667e-01
-3.356315399076050809e-01,3.769335110333136285e-01
-5.254926039276686112e-01,4.885517146380857767e-01
-4.855567422141486844e-01,5.394285684560795602e-01
-4.914741104975073327e-01,4.512315247414253605e-01
-4.548281839711512120e-01,4.706958522965418723e-01
-4.336174829727790225e-01,4.448073568811565792e-01
-3.418376440837480601e-01,3.977644927733265945e-01
-3.808100120498645325e-01,4.634870155258745683e-01
-4.035698231491382515e-01,4.535942927666631874e-01
-4.076460782576409869e-01,4.524690740886017082e-01
-3.925814636985238693e-01,4.112836716818186744e-01
-4.129761854233819918e-01,3.840048936900428700e-01
-3.452221182145729372e-01,3.699453329837796289e-01
-3.872368537459367488e-01,3.783215287699892571e-01
-4.966554698483385266e-01,4.567176118321372158e-01
-4.934982524757440814e-01,4.626409413516805458e-01
-3.870723811885383725e-01,4.057253161280183207e-01
-3.751120114760198021e-01,4.084779974346419706e-01
-4.013683785968016338e-01,4.031632080764433468e-01
-4.163316849801592667e-01,3.981202172727149602e-01
-4.056337602417281474e-01,4.569187879633398452e-01
-4.168861154994596419e-01,4.537026067684903907e-01
-4.907558781089447209e-01,4.784371302056600328e-01
-4.394220581385432922e-01,5.216529952396804504e-01
-4.044377528769569352e-01,3.845071092631027199e-01
-3.880609703463502314e-01,4.203241821301739733e-01
-4.664846671705111802e-01,4.510350125663400433e-01
-3.545589855964967896e-01,3.743118152339910409e-01
-4.828704830785053304e-01,4.643232443590754599e-01
1.844000093331863432e+00,1.346120783184845848e+00
-5.188909863743607076e-01,-3.033656040267191933e+00
-2.398607442598685857e+00,-3.358042720194478470e+00
3.025352860575283742e+00,3.131024077723242982e+00
3.525830344842901809e+00,1.855091614608287642e+00
8.101292510933255642e-02,2.288464210192745263e+00
2.389948221409942342e+00,-6.989278900562725383e-01
-1.958141536321886367e+00,3.585703294915353112e+00
-1.554060644031084237e+00,-2.075677884726299549e+00
-2.238233904593260881e+00,-1.660160360369014043e-01
3.910856919426922929e+00,-3.682452022108080314e-01
-3.733156720652480054e+00,-4.960582473987308560e+00
2.071788106164371257e+00,-4.147876266408635715e+00
4.500543882786224970e+00,2.694972268710086993e+00
4.801786194822241782e-01,3.668025943524170884e+00
1.045013876333945824e+00,-4.505833421020613017e+00
2.778042117324347693e+00,1.295011305149263769e+00
-4.519273221315295963e+00,-2.891800242585817138e+00
1.346391413183049224e+00,2.689885655494572703e-01
-1.266560825625025366e+00,4.583446206730668493e+00
-4.282626930907711404e+00,4.148129835656980902e+00
-3.163683022921607968e+00,6.698866095132380849e-01
-4.718708954088838503e+00,-1.604225550226847208e+00
-9.271313529991829228e-01,3.836421266630853921e-01
9.332139890883990319e-01,-2.464592414342144266e+00
4.222104446032734160e+00,-1.317140651736956602e+00
-2.803728667808521813e+00,2.398463360143576750e+00
-3.555201071833034909e+00,4.751424291218215856e+00
-1.184263415533379771e-01,-1.903767025681183611e+00
4.959607430072825451e+00,-3.713786305449775949e+00
4.544812407577476066e+00,-4.780401869310658469e+00
4.565181124693983961e+00,-4.797929874739645939e+00
3.134327473554975541e+00,-2.974078646867811315e+00
3.082403599552474560e+00,-2.973188669647584437e+00
2.961718406777117174e+00,-3.105973449692215560e+00
5.000000000000000000e+00,-2.309068362701486965e+00
2.834230097287777639e+00,-5.000000000000000000e+00
-5.000000000000000000e+00,5.000000000000000000e+00
-2.535528958035182967e+00,5.000000000000000000e+00
-5.000000000000000000e+00,5.000000000000000000e+00
2.066934308603260106e+00,-2.082526271717597410e+00
3.043550391433345936e+00,-2.703724567920062771e+00
2.956817929427439040e+00,-2.673532737935695902e+00
3.108579786217621432e+00,-2.736142986943926658e+00
2.746656039147308270e+00,-2.701808704203398470e+00
3.228622041746904259e+00,-2.955056950116216719e+00
3.433377911814204708e+00,-2.992339982566247336e+00
3.372905225968148457e+00,-2.910785895506883936e+00
2.796187377984259648e+00,-2.764592129202378512e+00
-1.002853483391448641e+00,1.426850315712066219e+00
-1.176171515848268179e+00,1.648395945896201198e+00
3.492062618453688927e+00,-3.107602706698720407e+00
3.772796662867181183e+00,-3.145460483161974352e+00
3.927454698703169100e+00,-3.239182566499677396e+00
3.940729266307647194e+00,-3.290173058177271237e+00
4.075206648138419041e+00,-3.254959738270146730e+00
4.058902331584759438e+00,-3.172277192673848667e+00
4.226963600660775811e+00,-3.197917817286671571e+00
3.768446368783264333e+00,-3.111173902888322740e+00
3.669871037278083392e+00,-3.087132508963588595e+00
3.623949839487170976e+00,-3.209436557164767390e+00
3.713951604738701562e+00,-3.195160097767973717e+00
3.704431692704586609e+00,-3.236800390058348409e+00
3.713343015555523152e+00,-3.213140633775304345e+00
3.791250347217085093e+00,-3.155162532940327225e+00
3.854919020302705945e+00,-3.233558368709489095e+00
4.024688442756971796e+00,-3.202151526318381514e+00
3.968873177400565666e+00,-3.208238519082568629e+00
4.080614048973027153e+00,-3.235639043215856603e+00
3.872869727499578474e+00,-3.265613265007464960e+00
3.893876083445277914e+00,-3.182104727922648646e+00
3.673404345045218733e+00,-3.254731949584339645e+00
3.805890589141132097e+00,-3.148816399598963756e+00
3.444168906240776096e+00,-3.121616372372275183e+00
3.256393089098978066e+00,-2.989343031167103870e+00
3.501946795080531416e+00,-3.013308515757711525e+00
3.533938386443916002e+00,-3.217173558486781992e+00
3.518692522808414935e+00,-3.077131921585946728e+00
3.483735990356239043e+00,-3.137470211660484232e+00
3.861325937127290331e+00,-3.252658965561751714e+00
2.597724723536710911e+00,-2.640155842679888121e+00
-5.697869046107788549e-01,7.643986146846071250e-01
5.000000000000000000e+00,-1.483255448567418089e+00
2.017901569502118519e-01,-1.748055213789774243e-01
5.000000000000000000e+00,-5.000000000000000000e+00
1.757159527104823482e-01,-1.391650526518315445e-01
-5.538777123759963672e-01,7.977067545008562632e-01
-5.458866324072184639e-01,8.080061065570909307e-01
-4.904211554558415287e-01,7.499707459080706684e-01
-3.638798451574682957e-01,5.062995926672053670e-01
-3.316796231947822804e-01,4.704703364847784286e-01
-3.199131766824647727e-01,5.403155612924006590e-01
-7.038105225795163733e-01,9.350144263318167503e-01
-8.457249882006303565e-01,1.196196125253417897e+00
-7.842839986499541283e-01,1.123096550226247103e+00
-6.705440524090597876e-01,1.059815200283854786e+00
-7.630307236679776395e-01,1.048464581395337269e+00
-7.491271910307819581e-01,1.013978375484332339e+00
-6.862353818673305739e-01,9.572919091692373428e-01
-2.770284893276864224e-01,5.159755156038672297e-01
-2.166322520887877801e-01,4.233713905836715696e-01
-1.626845854053140528e-01,3.536470970975846839e-01
-9.991892372183919235e-02,1.563606076708756731e-01
-4.191205437830225478e-01,5.777250407162570767e-01
-3.764518737680866423e-01,4.907758535577757542e-01
-3.417086824187389738e-01,4.719627628013292053e-01
-2.782967744262245802e-01,4.502817698959562520e-01
-6.015602178033887526e-01,9.057329499991624289e-01
-6.581531684685923977e-01,9.429057524442558957e-01
-8.400391679230363451e-01,1.128762568802459398e+00
-6.213505425875531785e-01,9.376910941416474188e-01
-7.347020254873708467e-01,9.922912551152096583e-01
-2.124058414046592347e-01,3.216558143524270719e-01
-1.434325435547361138e-01,2.556616341129149816e-01
-2.413560254123154891e-01,3.542381836730115197e-01
-1.421433492779247132e-01,2.363160353771931455e-01
5.000000000000000000e+00,-5.000000000000000000e+00
5.000000000000000000e+00,-5.000000000000000000e+00
4.972712805376678702e+00,-4.955262259731302521e+00
4.983110576055864271e+00,-4.984917679748349428e+00
4.896307998058972544e+00,-4.980672588210279805e+00
4.948433055203480535e+00,-4.939284386312571051e+00
4.949849711752175807e+00,-4.899651067208661281e+00
4.926049979939385537e+00,-4.887947737669204429e+00
-7.682813426886125896e-01,1.065028225694133468e+00
-5.994162271802627728e-01,8.379208742825037248e-01
-3.027522316427999627e-01,4.162488629956131447e-01
2.914859457887328809e+00,-2.985490054774484037e+00
2.965018033027836175e+00,-3.159227028029622630e+00
2.875216791916540338e+00,-3.046557883042718018e+00
-9.464771351400544930e-01,1.343841491736399441e+00
-1.107500761871563988e+00,1.679293551917242056e+00
-1.111069575808933951e+00,1.653990164582584299e+00
-1.151632604194428033e+00,1.685208894747410646e+00
-6.432526569972720765e-01,8.981935741825797237e-01
-7.503261581544053982e-01,1.114609748610996931e+00
-7.761836463162143929e-01,1.162062638269395265e+00
-1.812859321755961872e-01,3.570247138256164021e-01
-1.094593045482747939e-01,2.769587903901573611e-01
-1.756972278941040244e-01,2.365989942200030782e-01
4.242044128895638977e-02,5.603029711123141965e-03
3.229475185808912130e-01,-3.657906661729635189e-01
5.712842150122519058e-01,-5.781569346960599987e-01
2.960270103297357736e-01,-2.157918025835972031e-01
4.123328715146268308e-01,-4.477816862019352584e-01
6.202358003906951467e-01,-7.257603373122272217e-01
1.643115724842116876e-01,-2.187457525735512220e-01
1.725064145563610651e-01,-1.886152041779878274e-01
2.957874342257102995e-01,-3.088723211936672541e-01
2.130282981533246911e-01,-2.719443578116589322e-01
3.877400250489468903e-01,-3.822984221001757277e-01
4.244575580548195504e-01,-4.018471374378460581e-01
4.691344991126982222e-01,-5.555179126273044332e-01
4.017152871326228336e-01,-4.940109974803696957e-01
3.739280304138521416e-01,-3.968412013332569543e-01
2.739001519245212179e-01,-3.428708461232163884e-01
2.698241983789078091e-01,-4.035201483177353055e-01
3.534448968888099785e-01,-3.958633389263965796e-01
2.564303533071878860e-01,-3.163798031480951067e-01
2.180381359832486154e-01,-1.938031926808641003e-01
3.047564697547997525e-01,-1.839940132314934473e-01
2.971410117356230174e-01,-3.394156442114217853e-01
3.987541362248938626e-01,-4.013053442525418291e-01
4.431633383161139861e-01,-4.103475936769331867e-01
3.588891326184908692e-01,-5.069404192877025039e-01
3.054611810610596834e-01,-3.534821858740393452e-01
3.708488502072722071e-01,-4.230459520165599230e-01
2.404356201834172424e-01,-2.038663797532347388e-01
1.585948757165791534e-01,-1.211897736508813495e-01
2.119862414473985268e-01,-2.182356046891413826e-01
3.109482975716222342e-01,-2.535413147220140218e-01
9.957047079441139203e-02,-1.605200345355068947e-01
9.513115840001518109e-02,-3.325089998623909082e-03
1.229523184755212384e-01,-4.524727198666056438e-02
1.683796011317442165e-01,-1.342650813698407219e-01
1.639629010241616669e-02,-1.717931667960748143e-02
3.749104802024749716e-02,3.245443807836778660e-02
4.090642821640422255e-02,8.325723733799961224e-02
-1.734190566358861929e-02,1.552746459489995345e-03
6.522925248760103045e-02,2.033954578117835865e-02
3.538857391074579084e-02,2.765588114539774267e-02
2.624410103804564187e-02,4.352644732542643169e-02
-4.419437166536432926e-02,7.231309668396601609e-02
-2.057932792787653398e-03,1.677266783284991902e-02
-1.679471380508559264e-01,2.519130321086313629e-01
-2.210142069956884114e-01,3.808228014481693791e-01
-4.613729257298970765e-03,-1.578327997973971719e-02
-2.681715846195587005e-03,2.954482303794847553e-02
-2.314919852901731190e-01,2.904125524273872827e-01
-4.410716614313248130e-02,4.048221705647847557e-02
-2.515278562791234407e-01,3.830206296218925388e-01
-2.342662965487951610e-01,2.716359373441132874e-01
2.400811100151134525e-02,-3.686404803953102771e-02
-2.642523314244495936e-01,5.437484064172277698e-01
-3.650808191132695057e-01,4.689403921088626248e-01
-4.872204929235746107e-01,6.203643651937840175e-01
8.231125231386027252e-02,4.307140849229451618e-02
3.130977666917900137e-02,5.056118106344520413e-02
3.703291518620710931e+00,-3.589234567501502049e+00
3.914818959172816193e+00,-3.697615766804448256e+00
3.893676748782311847e+00,-3.667865284348543753e+00
3.962875208004724925e+00,-3.856062710781325897e+00
4.033936561034108692e+00,-3.799791262731939234e+00
3.874128271397097478e+00,-3.760473366072361934e+00
3.897673031451191150e+00,-3.839012096827064457e+00
3.906294078020614791e+00,-3.910637334139606125e+00
3.945042657984625833e+00,-3.736848512019689927e+00
3.767386799754058657e+00,-3.696177714116175572e+00
3.907705639640372652e+00,-3.774942684051310948e+00
3.731055471081672792e+00,-3.643680202287812087e+00
3.946053184303519146e+00,-3.701467520262431421e+00
3.463297923181515969e+00,-3.376934611203989967e+00
3.340032135018574877e+00,-3.372909433478247898e+00
3.380240392007893391e+00,-3.259760967906801810e+00
3.336094927166969981e+00,-3.320761594617399393e+00
3.197701673662979971e+00,-3.183967910205291574e+00
3.178280726419718150e+00,-3.263450218527252922e+00
2.994231013757378435e+00,-3.245626459033218225e+00
2.909528786016003288e+00,-3.171039809800482168e+00
2.937237560769395905e+00,-3.169580651724285936e+00
2.812857924674005083e+00,-3.033795950417581988e+00
2.839119895963591489e+00,-3.122243737617366843e+00
2.807771318580771336e+00,-3.053192132692996275e+00
2.789431384598558772e+00,-3.099221497636928557e+00
2.773255075790984847e+00,-3.050012990690738501e+00
2.887517990866515838e+00,-3.049955124216978231e+00
2.795544978524981516e+00,-3.039799165902028033e+00
2.856499937318588422e+00,-3.100754982345150346e+00
3.082014675680980531e+00,-3.278058835581668440e+00
3.008802914590074096e+00,-3.140763410397937605e+00
3.231698799718076387e+00,-3.245829455950670628e+00
3.259526999450573115e+00,-3.255875012975918192e+00
3.117285320543354388e+00,-3.193691617010269823e+00
3.169032219652978100e+00,-3.233252467379495787e+00
3.252880072147505075e+00,-3.359673175152776192e+00
3.250777225409363425e+00,-3.291529586243171046e+00
3.224795822412882984e+00,-3.298838497035439854e+00
3.503907261420351915e+00,-3.475221194710639949e+00
3.347933078058030532e+00,-3.270005962042878522e+00
3.553339739686565579e+00,-3.407332751100482504e+00
3.299874907919585709e+00,-3.180482521620572989e+00
3.768117918294183966e+00,-3.480681195910483972e+00
3.403211459086575630e+00,-3.275000691919843554e+00
3.600874399057765629e+00,-3.409247477320668906e+00
-3.534315294443164390e-01,5.296712004478267843e-01
-4.193774992769903065e-01,7.063221149502671992e-01
-3.222267203779960454e-01,5.573757489948985011e-01
-4.634144281899690299e-01,7.326881747977544990e-01
-5.626983214999334848e-01,9.162295363454227015e-01
-7.813153071225009683e-01,1.119804395103729533e+00
-1.773060027534025807e-01,3.965669184536402270e-01
1.382390462288025645e-01,-4.230904799277990236e-02
2.833575029842696935e+00,-2.845401774903948855e+00
-3.985748727903617450e-01,5.673316506701464590e-01
-4.577632684775334582e-01,6.180793763525134210e-01
4.958047190604876420e+00,-4.261866270890883435e+00
-3.632139381778367593e-01,5.653342222970181297e-01
-4.736285976178402635e-01,6.778685414051732749e-01
-4.557720859066840546e-01,7.327135145443710584e-01
-4.248397845477516199e-01,6.560392745941978632e-01
5.938588808652589535e-02,3.560815986725707205e-02
-3.167513222312026144e-01,4.752183278721142656e-01
3.187206498131910593e+00,-3.120514359583736574e+00
3.304136190429765918e+00,-3.159470135260244561e+00
3.078114109543824028e+00,-3.035622951548597293e+00
3.199202481203638371e+00,-3.164270832996565197e+00
3.037601174038965013e+00,-2.968022998176363281e+00
3.375703789573623936e+00,-3.398255108553603687e+00
3.453324722980813277e+00,-3.436940928619991453e+00
3.354662498105733803e+00,-3.399919676787602540e+00
3.391709805897757946e+00,-3.407312291989685882e+00
3.272719659940509729e+00,-3.321779289492300169e+00
3.309269086709180741e+00,-3.307764764845657623e+00
3.413831795150279902e+00,-3.423026857475047535e+00
3.252494469280534872e+00,-3.283982161163115698e+00
3.272344209944378690e+00,-3.321077776273356541e+00
3.556517932800231208e+00,-3.506684718633918507e+00
3.424997839188460347e+00,-3.386067221971138075e+00
3.476710848493837602e+00,-3.429621384182524935e+00
3.425591894716749408e+00,-3.474438558839501923e+00
3.423148024762726394e+00,-3.391206446917019779e+00
3.379034256108186085e+00,-3.364084522031460800e+00
3.375250217735532132e+00,-3.400555131030745581e+00
3.486494802946056737e+00,-3.499891818840207947e+00
3.492187260968076856e+00,-3.452831629003074276e+00
3.515927386321051173e+00,-3.575013469269455513e+00
3.323837253442098572e+00,-3.390090627287666081e+00
3.388436532097960807e+00,-3.466851725267449780e+00
3.290783662842011736e+00,-3.324202853202044672e+00
3.213006046822936668e+00,-3.266125247057500403e+00
3.203660487503682930e+00,-3.167889944528617718e+00
3.257188996784668333e+00,-3.293808231597737723e+00
3.303147473723456073e+00,-3.365205538068797964e+00
3.165280168905910685e+00,-3.337687587255828703e+00
3.061379984458307391e+00,-3.179274470366750371e+00
2.961412955661860913e+00,-3.245017045533800992e+00
3.309262516125436093e+00,-3.429441743397609876e+00
3.190359840076569142e+00,-3.440578428781480014e+00
3.133675433789671061e+00,-3.384375218068555569e+00
3.333394952395035915e+00,-3.465674723163774118e+00
2.272934967417784335e+00,-4.209626542208285471e+00
3.396205359154739867e+00,-4.996212492329108024e+00
-6.036975751984670069e-01,1.005345087266370285e+00
-3.541468919178108798e+00,2.479237017002370536e+00
1.580231127298538318e+00,1.539165172426977257e+00
1.688462465490995434e+00,2.827913364512603778e+00
7.966407153566983368e-01,4.635736054548416973e+00
1.093570874116123193e-01,-3.396168012533380853e+00
3.062329200201043378e+00,-1.369553204407131020e+00
-4.065465867582781279e+00,-2.922683301155633906e+00
-3.757276305907176095e+00,3.811981299567852588e+00
-2.302860378229945493e+00,3.616706478481653164e+00
2.886280543673894528e+00,2.216423094724724763e+00
-4.880931665005179276e+00,-3.921384913189233323e+00
-1.582055948442251392e-01,-2.381282643639212715e+00
-1.110835951792281229e+00,4.033271602753199403e+00
-2.653156885653657593e+00,-3.216731687173758125e+00
-2.931865571528550429e+00,4.773401947129983114e+00
-1.534718749262328874e+00,-4.346683774718670179e+00
3.829687688382998445e+00,-2.029370498570691517e+00
4.004653710663728106e-01,-5.623942088813675966e-01
-1.881810074323780224e+00,-1.182929871350632212e+00
2.501481433393671239e+00,-1.233295408355861156e-01
-3.101605526969946069e+00,-6.832241724064163080e-01
4.807757782091497845e+00,-1.725862515738870506e+00
4.473195488584700286e+00,9.110030322946114367e-01
-4.592031683240033857e+00,5.169198200249969233e-01
-7.040494520986939619e-01,3.045405276566352626e+00
1.018880718810720509e+00,1.915778602737816527e-01
4.043050449608102781e+00,1.823520206874292171e+00
6.824732578658112558e-01,-2.558152199316944930e+00
9.290098735256027140e-01,-2.576707259846537035e+00
1.522541263644856535e+00,1.525362119158931939e+00
-2.447891655726914806e-01,-2.865155952490122004e+00
5.000000000000000000e+00,-5.000000000000000000e+00
5.000000000000000000e+00,-5.000000000000000000e+00
5.000000000000000000e+00,-5.000000000000000000e+00
1.837006513183485623e+00,-5.000000000000000000e+00
5.000000000000000000e+00,-5.000000000000000000e+00
5.000000000000000000e+00,-5.000000000000000000e+00
5.000000000000000000e+00,-5.000000000000000000e+00
5.000000000000000000e+00,-5.000000000000000000e+00
4.668889061730666867e+00,-4.915657956299554598e+00
4.907699744870088310e+00,-4.992972009178722637e+00
4.385821913785681758e+00,-4.976207419468198445e+00
4.958028611787469231e+00,-4.986439739874862553e+00
4.971374245310441253e+00,-4.842220008161604028e+00
4.981048242029604722e+00,-4.759117745104775032e+00
4.994239232665174555e+00,-4.903692165325378660e+00
4.999621272756012758e+00,-4.822678950191942704e+00
4.834976438819793998e+00,-4.982107543632738889e+00
4.437221082723517895e+00,-4.905878443259886978e+00
4.600933513176984846e+00,-4.966150905230795054e+00
4.463952701001197454e+00,-4.994613219398190473e+00
4.175254209856475995e+00,-4.982484832817053011e+00
4.952337467970441054e+00,-4.847508225053354991e+00
4.999442145764044554e+00,-4.826185160361427862e+00
4.522086051077240043e+00,-4.989090400112154100e+00
4.455948728798915681e+00,-4.995335155816779782e+00
4.477095028617636530e+00,-4.997579387399420980e+00
4.959519798098941834e+00,-4.834484580369958984e+00
4.952644276438023851e+00,-4.937260053652170022e+00
4.459435059942313373e+00,-4.931076773185330886e+00
4.452188098726171717e+00,-4.978924689648506430e+00
4.926875498405541620e+00,-4.952139365189961673e+00
4.897394011074137410e+00,-4.994989588375725376e+00
4.502581258658798546e+00,-4.997531555686877347e+00
4.315197836657487684e+00,-4.998555355466882233e+00
4.960824379023851094e+00,-4.940086676036572477e+00
4.991789379696658813e+00,-4.848641623311657156e+00
4.997509241589421336e+00,-4.911700391533561749e+00
4.996268650524399391e+00,-4.862290016478437948e+00
4.934211699034095844e+00,-4.942596345912998679e+00
4.993796478653063531e+00,-4.925137228678946322e+00
4.559487914009658027e+00,-4.999916465230020535e+00
4.479799075135668218e+00,-4.990663007843916255e+00
4.908613057115720935e+00,-4.996267382250260347e+00
4.497596436002590181e+00,-4.981689368963287734e+00
4.263728828517898251e+00,-4.988173433935553014e+00
4.441362660053600919e+00,-4.952239086199266893e+00
4.387923557915836881e+00,-4.994457262003934694e+00
4.268648434866175734e+00,-4.984167250489410783e+00
4.137107340493614061e+00,-4.989872483506647249e+00
4.370409577010212487e+00,-4.951953679736510239e+00
4.942224682832099703e+00,-4.968693073234123680e+00
4.167633600832164831e+00,-4.940437698039967351e+00
4.980743929318588670e+00,-4.956680175280614442e+00
4.466484918351969924e+00,-4.979986917772886379e+00
4.133719008231333092e+00,-4.954983895400753902e+00
3.837180981947138747e+00,-4.996269391801472004e+00
4.208280340020069232e+00,-4.980215739431760547e+00
4.375107019238612338e+00,-4.986440256139547778e+00
4.979138057643114124e+00,-4.859850476444169232e+00
4.882147583643561717e+00,-4.972422231656492109e+00
4.938463762570622251e+00,-4.906945900419001028e+00
4.983056322297546359e+00,-4.979076749938839086e+00
4.917277860325254935e+00,-4.972848185840902602e+00
4.470045060706839379e+00,-4.986459070857473641e+00
4.338638685872744816e+00,-4.944052855059021034e+00
4.173814661871533715e+00,-4.994044567215015995e+00
4.017894354197608209e+00,-4.994432261541143170e+00
4.402673730118202400e+00,-4.912514135533385229e+00
4.454943425246502997e+00,-4.992690673322165651e+00
4.907819699244843292e+00,-4.993080802647808625e+00
4.971712743571783832e+00,-4.975810764538527664e+00
4.840477789544726406e+00,-4.915192400657569571e+00
4.975159435245453565e+00,-4.822435827417221432e+00
4.860595625083220739e+00,-4.815900645567293914e+00
4.997366864846169321e+00,-4.912753540625174331e+00
4.984279858122539153e+00,-4.915072161167445053e+00
4.955252282537752961e+00,-4.890466393036071224e+00
4.436814620381436924e+00,-4.956966362765371059e+00
4.957132334602361468e+00,-4.980772678161504707e+00
4.427240108409149499e+00,-4.984361621015451327e+00
4.977200136286288767e+00,-4.999521256361299848e+00
4.232549210662053696e+00,-4.963747604674748182e+00
4.371996542510723671e+00,-4.997648490467422988e+00
4.912139936924983630e+00,-4.968195932401390458e+00
4.214513540408825421e+00,-4.999786411626402582e+00
4.154239013513704393e+00,-4.970829681401062849e+00
4.957150117483667628e+00,-4.800957746590832187e+00
4.970773879292115893e+00,-4.990431319563668033e+00
4.950076427251939748e+00,-4.866973401800133381e+00
4.855877304133972672e+00,-4.863648270224049774e+00
4.987279365274250864e+00,-4.975268452908614414e+00
4.424612495867922490e+00,-4.993324787025927414e+00
4.846275670877959740e+00,-4.959945910244591083e+00
4.440567185898114388e+00,-4.987027089146470971e+00
4.409325345266847052e+00,-4.998011728849980351e+00
4.377033520293796443e+00,-4.987658536329552916e+00
4.332994935494102862e+00,-4.984596020153603035e+00
4.996589174829519919e+00,-4.843140136589156874e+00
4.996144467927171817e+00,-4.976802218719027060e+00
4.997063602347918021e+00,-4.933762337288298383e+00
4.589839020998175201e+00,-4.977486692719501171e+00
4.843696715734886027e+00,-4.963205955130547409e+00
4.242942558335736081e+00,-4.993244377410578139e+00
4.977650152292866892e+00,-4.920058540916913081e+00
4.937761745304865002e+00,-4.992671599637554358e+00
4.897927860446639414e+00,-4.993383718024818840e+00
4.468067868006617260e+00,-4.948388136884402932e+00
4.910471088358120184e+00,-4.992594803572610651e+00
4.209095919497743310e+00,-4.986822276557068001e+00
3.969379479080860307e+00,-4.984704918054866596e+00
4.202584104061592996e+00,-4.978459646481510070e+00
4.201215258021287369e+00,-4.955242280752680806e+00
4.230110032582992119e+00,-4.977324884283582662e+00
4.370083347567337739e+00,-4.969335834991736256e+00
4.985697420832709170e+00,-4.997058206874052111e+00
4.461150070151873592e+00,-4.955470707025094512e+00
4.337886897211001624e+00,-4.996105876351065511e+00
4.271621185567665790e+00,-4.984988272775065177e+00
4.913193303457386918e+00,-4.982814648622962750e+00
4.998168887725727316e+00,-4.975023005991523029e+00
4.855809023020958293e+00,-4.970521618239876815e+00
4.247920823775942267e+00,-4.985833538815691135e+00
4.980693424593727769e+00,-4.970554282954321224e+00
4.327693965178148972e+00,-4.978603491231300637e+00
4.141439367077012434e+00,-4.996599095529990819e+00
4.934992724553984189e+00,-4.978622951893242110e+00
4.248887941053673956e+00,-4.971233255869360157e+00
-5.000000000000000000e+00,5.000000000000000000e+00
-5.000000000000000000e+00,5.000000000000000000e+00
-4.889843288544319932e+00,4.985665269637527430e+00
-4.981818499002559797e+00,4.705801746611122383e+00
-4.987126481288316704e+00,4.776902376803644046e+00
-4.965368553158516995e+00,4.871745089992916888e+00
-4.988929669227037067e+00,4.988674004320571953e+00
-4.962038858098377858e+00,4.917699630842509606e+00
-4.925326666233408091e+00,4.943419145259866809e+00
-4.926224255750636161e+00,4.971149330000711686e+00
-4.974282440834337571e+00,4.928961905568773005e+00
-4.604760818061283345e+00,4.991695912299697113e+00
-4.789355912857635289e+00,4.959697564727326480e+00
-4.929748227811638017e+00,4.946451520615180897e+00
-4.585400309619077852e+00,4.967416353404395579e+00
-4.982299124307731475e+00,4.986901314350408398e+00
-4.995322897593149847e+00,4.905413169670604034e+00
-4.639212840180457320e+00,4.970255029312633965e+00
-4.993851779793165413e+00,4.885413198276904012e+00
-4.914683337117349282e+00,4.995656067096941655e+00
-4.913536810188833925e+00,4.987138630862927968e+00
-4.657372869499385004e+00,4.969826812080457401e+00
-4.696600772302225835e+00,4.989996888096809968e+00
-4.975436889211811931e+00,4.958628578730110092e+00
-4.968809846937590535e+00,4.995507785048184601e+00
-4.586959354414563705e+00,4.999246360479846274e+00
-4.947146963231708661e+00,4.910455952891405573e+00
-4.622346537766998331e+00,4.970864003195345049e+00
-4.952219656871538866e+00,4.932477540298966900e+00
-4.630704580666217041e+00,4.967468794476308958e+00
-4.982943548997158523e+00,4.977665092773841948e+00
-4.398180525931495666e+00,4.984743470677488020e+00
-4.521416641089321509e+00,4.908478391426712051e+00
-4.545691982887122506e+00,4.983380040569279856e+00
-4.598067442675699112e+00,4.993490427625129513e+00
-4.947788579681580146e+00,4.823210016827861324e+00
-4.437335099605174804e+00,4.996240777368383235e+00
-4.479240586325530238e+00,4.953399625148676932e+00
-4.493277344435957055e+00,4.939802596636175380e+00
-4.424062322584917162e+00,4.998105827384957678e+00
-4.431316948802978217e+00,4.999690582192284793e+00
-4.972494802128625935e+00,4.785308946937966823e+00
-4.484377091417162120e+00,4.983051887215175668e+00
-4.308815422071559098e+00,4.965696547312138165e+00
-4.986592005875955635e+00,4.867979433281771406e+00
-4.990353417123753133e+00,4.711371645639863104e+00
-4.980792778314039104e+00,4.898848589501982431e+00
-4.532887635228074252e+00,4.975423649709378893e+00
-4.966377860339278527e+00,4.957219391342530201e+00
-4.453734360569023387e+00,4.996250727917106005e+00
-4.467336729641925963e+00,4.987054414447362305e+00
-4.553534522273685603e+00,4.993271465294558453e+00
-4.974380997311459218e+00,4.858518094225971140e+00
-4.085132166442941859e+00,4.999803192307282984e+00
-4.116429068132709368e+00,4.986902108755444374e+00
-4.364038050827052651e+00,4.991472837072578272e+00
-4.933778287672156537e+00,4.922049400635067684e+00
-4.354203465174858678e+00,4.992010171419433817e+00
-4.971626370235359360e+00,4.938074370449381689e+00
-4.992975872569896723e+00,4.982303389378257563e+00
-4.990183608393591541e+00,4.968437316423388594e+00
-4.299940245309757714e+00,4.984560806956261914e+00
-4.226195516696061638e+00,4.997427998101098723e+00
-4.995956489852736659e+00,4.997888362354194314e+00
-3.979881645100039389e+00,4.987159232147845955e+00
-4.994255248504217093e+00,4.968980781504274802e+00
-4.575993984084846034e+00,4.983065603333976412e+00
-4.399056565630426796e+00,4.976288530217352957e+00
-3.976866938718267352e+00,4.987530101798867577e+00
-4.928377696396796459e+00,4.926736744772188814e+00
-4.958961216733803745e+00,4.934253388712097177e+00
-4.111032458863665973e+00,4.985697304135692676e+00
-4.915716116454262874e+00,4.938959898238659108e+00
-4.200251023527196814e+00,4.986708168928895901e+00
-4.989666456061586430e+00,4.973946218531759556e+00
-3.928930713596322288e+00,4.965124937269759897e+00
-3.730663186405750231e+00,4.992767926927866640e+00
-3.727940413606202874e+00,4.976654951893904055e+00
-3.272559977736298809e+00,4.988796372769568777e+00
-3.113605538543871454e+00,4.954704222766988408e+00
-3.168406340258546727e+00,4.981705767549552633e+00
-2.984278266774886390e+00,4.951198950893044071e+00
-2.791957949576275411e+00,4.997186725795334183e+00
-2.747981569029673388e+00,4.997133721135950779e+00
-3.135688909586304973e+00,4.951525447837813232e+00
-2.768707682902176614e+00,4.986512288496310674e+00
-2.699588506829714962e+00,4.940442052218772417e+00
-2.545898186146758224e+00,4.951898769076235496e+00
-2.766691940026353880e+00,4.973946551162987006e+00
-2.411560557212867995e+00,4.946360806728689496e+00
-2.910378446903342908e+00,4.990319839875503760e+00
-2.687655523000034741e+00,4.973056000597908977e+00
-2.820376817256258661e+00,4.926806306486483322e+00
-2.730013428681223431e+00,4.986501943347805721e+00
-2.714818888460106994e+00,4.990268159760413269e+00
-3.088329808012768130e+00,4.960110452570676287e+00
-3.300922680264502862e+00,4.976997622053595194e+00
-3.179593009710556029e+00,4.986496016247253138e+00
-3.156905593609678817e+00,4.998324389565414805e+00
-3.291253448272225324e+00,4.915577587491853251e+00
-2.977079767659221332e+00,4.997700233677861092e+00
-3.215180748611098149e+00,4.979753312909672047e+00
-3.068580635019804603e+00,4.988923418925574893e+00
-3.437107976075342908e+00,4.972995186491127484e+00
-3.158455361524684424e+00,4.974945876247439003e+00
-3.320188151919832631e+00,4.954031279664436127e+00
-3.560616633410856657e+00,4.966653950431147990e+00
-3.403570412159478753e+00,4.994803592395332004e+00
-3.169983367727355450e+00,4.973159361709418746e+00
-3.450034299717136044e+00,4.983204215215751631e+00
-3.589525723089187270e+00,4.964777554539525184e+00
-3.441906622754395961e+00,4.997234546527915100e+00
-3.419733373649126218e+00,4.966572771135831843e+00
-3.402233782658920624e+00,4.991484867176524176e+00
-3.446010937173952904e+00,4.995235615143082342e+00
-3.586805412177933583e+00,4.978288893053925079e+00
-3.444960818703864724e+00,4.991330902814677728e+00
-3.627564940152584239e+00,4.924547440122282183e+00
-3.617613595284125516e+00,4.951237510838605971e+00
-3.398328917940811600e+00,4.995207875171988832e+00
-3.261240616804270687e+00,4.999783208217502661e+00
-3.619470792446216389e+00,4.966837068633108032e+00
-3.501745622035179473e+00,4.991373796057343881e+00
-3.881578559540407092e+00,4.998112852315966137e+00
-3.301207645964089110e+00,4.989998338427792390e+00
-3.401634046750555473e+00,4.995098458284816800e+00
-3.721627002946724438e+00,4.922596322272278613e+00
-3.437451428087688665e+00,4.989700763907510606e+00
-3.772952352190802383e+00,4.977633417790222836e+00
-3.553560778899232719e+00,4.998399763553017294e+00
-3.511306145476797980e+00,4.973420031537557406e+00
-3.077924442643897418e+00,4.985674550283896167e+00
-3.392083236982258221e+00,4.981208913002387106e+00
-3.589606267900827596e+00,4.966974925429143539e+00
-3.491287938971609606e+00,4.997203370608501061e+00
-3.577223261944204147e+00,4.997451792726559816e+00
-3.558226938548051166e+00,4.993344661712246335e+00
-3.504227221275842741e+00,4.970649555737832515e+00
-3.568220649030164893e+00,4.932756736918214813e+00
-1.209684386412259727e+00,-5.563558281829239505e-01
1.847892097613890172e+00,9.538458408515460007e-01
-2.667987363699975134e-02,-1.407412463442687667e-01
-8.732201135842778683e-01,1.227226779237219567e+00
3.612179537613249281e-01,-4.403488861296125378e+00
-4.850171376827352887e+00,-2.966206238915963134e+00
-1.352840582759391896e+00,-3.445050643528214884e+00
-1.963624356544657612e+00,2.018714264433648431e+00
-4.576770849222277171e+00,4.600522666069505107e+00
2.708302697122666913e+00,-1.951690720291671788e+00
3.824788282831750763e+00,4.198708122160315526e+00
2.021288603309443488e-01,2.880931343789583821e+00
1.223870186782164637e+00,2.411559443321186436e+00
-5.264161933574111885e-01,-3.759345791978330631e+00
-2.867246572733312515e+00,3.946524823644105950e+00
4.510484154052541328e+00,3.496066811776872285e+00
-2.625886083096863999e+00,-4.153928746546766249e+00
4.815519279664828289e+00,-8.367042282215084725e-01
2.227690024744054753e+00,-4.871054453211298707e+00
2.476434894883832172e+00,3.021482299160817675e+00
3.093649084128587745e+00,-3.187908267997338285e+00
9.792176721177128229e-01,-2.542517159822914152e+00
3.612929796942751182e+00,4.189470572066440468e-01
-3.461748176184304526e+00,1.381922637137749099e+00
-2.309748514267007113e+00,4.899418411569358867e+00
1.514365485745510220e+00,-1.349853282745972383e+00
4.023895551666274883e+00,-1.217706121207955849e+00
-4.214544827822550133e+00,1.894776024529083003e+00
-3.819438345678966229e+00,1.673711139764879618e-01
-3.303373320266101754e+00,-2.167578563090545529e+00
1.480085809892065285e+00,-1.337776822740301519e+00
5.000000000000000000e+00,-5.000000000000000000e+00
-1.914665752457782588e+00,5.000000000000000000e+00
-5.000000000000000000e+00,5.000000000000000000e+00
-5.000000000000000000e+00,5.000000000000000000e+00
-2.880605705241390702e+00,5.000000000000000000e+00
4.973940295721801519e-01,7.183922232212358594e-01
7.786021351843839255e-01,1.827248003499346574e+00
-1.154156566671003858e+00,5.000000000000000000e+00
2.023072521744053276e+00,-6.155677709142297616e-01
-5.000000000000000000e+00,5.000000000000000000e+00
1.833663700322211376e+00,-8.716375862915333173e-01
-3.522202683928394862e+00,5.000000000000000000e+00
-1.752794051687933674e+00,2.681802760147088627e+00
-8.801350332770372376e-01,1.294712647325365396e+00
2.233134024819647401e+00,-1.191789018070785744e+00
-4.674162360647731163e-01,1.354765380205145142e+00
5.000000000000000000e+00,-1.813172384341860344e+00
-4.317269349916495358e+00,4.981124404663393790e+00
-3.778527774918858384e+00,4.989266516187356615e+00
-3.785646299508572454e+00,4.974855093975369513e+00
-3.498897363564363872e+00,4.924432500599936091e+00
-3.482465521908735262e+00,4.909136215925482105e+00
-3.615795062544729710e+00,4.977156842984776119e+00
-3.922136190080909302e+00,4.984178160520706058e+00
-4.067868143106232459e+00,4.988938370966648606e+00
-4.218919069208292072e+00,4.991153078622842187e+00
-3.650467460409980269e+00,4.844863011655727192e+00
-3.993655973832640260e+00,4.995085599037906832e+00
-3.690062527850108687e+00,4.995759859219235821e+00
-3.975574464909740868e+00,4.995628710709219433e+00
-4.074555574417408899e+00,4.984183313589991116e+00
-3.475073391665840283e+00,4.971793703105870321e+00
-3.446384617742506151e+00,4.935589905007729428e+00
-4.081925482210060352e+00,4.953604488582632470e+00
-3.467349474356771211e+00,4.953866114119641395e+00
-3.989696677787969215e+00,4.989638466132875649e+00
-4.084838261292397021e+00,4.990086706226355417e+00
-3.689872015560307972e+00,4.992124289893613565e+00
-3.654636979948705289e+00,4.988276167736014344e+00
-3.561510023993401219e+00,4.983230379872910731e+00
-4.210717806898362170e+00,4.982639591137143498e+00
-4.249853486490875021e+00,4.977701940238661749e+00
-4.308450749201819363e+00,4.934507998834989806e+00
-4.654705831418998407e+00,4.989095050376411322e+00
-4.831648996792377027e+00,4.977597344042113292e+00
-4.640548688736766181e+00,4.986748051688570271e+00
-4.755536153993992876e+00,4.944482923866543089e+00
-4.892911775800571128e+00,4.972810993407037472e+00
-4.680063450618519916e+00,4.981325015677276369e+00
-4.693709225111028616e+00,4.994456702347662258e+00
-4.993406686998548949e+00,4.876624329970107752e+00
-4.931645819797320307e+00,4.990043000156221709e+00
-4.538867346327745800e+00,4.939878342851072190e+00
-4.772909574573504621e+00,4.964903704053218902e+00
-4.553212453830528084e+00,4.995086125611654992e+00
-4.511039806670319230e+00,4.985571626024476899e+00
-4.669429417939162441e+00,4.982527991919766919e+00
-4.659157660267512213e+00,4.987946444093573461e+00
-4.686851799457456558e+00,4.989839881488714823e+00
-4.775043924659875927e+00,4.944162946080894017e+00
-4.907611403917095494e+00,4.939590959993960695e+00
-4.537522653006700324e+00,4.971223025859327294e+00
-4.678009088526270176e+00,4.981678022686347518e+00
-4.474775302704562918e+00,4.995805732074302341e+00
-4.755125312571015783e+00,4.985231477912643427e+00
-4.018066568205600930e+00,4.902253029572785081e+00
-3.925822582085679358e+00,4.963806332218617001e+00
-3.866984649656823869e+00,4.998588057127271611e+00
-4.532326321612374365e+00,4.986273172358172801e+00
-4.530474692276786008e+00,4.987690947049188139e+00
-4.549013159896685643e+00,4.981007153602547533e+00
-3.887296886957842368e+00,4.965780754815723341e+00
-4.563462029630908745e+00,4.982499573652535929e+00
-3.759177509429860287e+00,4.958663605334807656e+00
-4.687906987939897796e+00,4.979244500856820466e+00
-4.665990209688159140e+00,4.984670027874365417e+00
-3.817486960288965836e+00,4.916520224209182999e+00
-4.620832674237446369e+00,4.991728683089522889e+00
-3.752223245989948275e+00,4.983031573304547379e+00
-3.617822377788996846e+00,4.952793972986121673e+00
-4.666447462871191831e+00,4.978673596894370945e+00
-3.751251104234932576e+00,4.983902886779620900e+00
-3.849188820869151151e+00,4.900403805487096420e+00
-3.668649538648284025e+00,4.990421374571550217e+00
-4.494621928311046233e+00,4.995186544342514523e+00
-3.872613594006081073e+00,4.971676547110327249e+00
-3.759160550394842204e+00,4.967093481886170281e+00
-4.383840720906234445e+00,4.899238681172489507e+00
-4.631526926078630702e+00,4.991834598355962882e+00
-4.674895793590458482e+00,4.999836672205619337e+00
-3.953817203604137021e+00,4.948334059491745762e+00
-3.580876839251106780e+00,4.965412017336845452e+00
-3.977194507964891379e+00,4.978766704674148613e+00
-4.480188460229074465e+00,4.989854823817413632e+00
-4.446221348782201765e+00,4.999144053404998900e+00
-3.984669089998808644e+00,4.968664391279174808e+00
-4.910906111832594512e+00,4.996541090284935649e+00
-3.814760916827141912e+00,4.918211018881601504e+00
-3.630995012508681619e+00,4.919132665584257325e+00
-3.657926664786081972e+00,4.969423342266029664e+00
-3.639046774109068849e+00,4.874295097813952538e+00
-3.498055066793934742e+00,4.973347094270186730e+00
-3.642230352068498433e+00,4.872802748140955487e+00
-3.926938965304581419e+00,4.890764137087202812e+00
-3.779448026991157672e+00,4.990870501525522585e+00
-3.824052923163237860e+00,4.919100997213277537e+00
-3.688302259683970519e+00,4.947506700820596848e+00
-3.668509085128992098e+00,4.967405722529612433e+00
-3.562009681958408613e+00,4.946366453903323190e+00
-3.954343822817256715e+00,4.955423965009973841e+00
-3.665891579874600126e+00,4.979294888767732630e+00
-3.741862778730662420e+00,4.919865657887564581e+00
-3.630794547973688946e+00,4.985653552062620619e+00
-3.508688294012944908e+00,4.992672956882614699e+00
-3.487990926376080658e+00,4.994747464831943873e+00
-3.618469300144099954e+00,4.969769092388782283e+00
-3.584135941406054293e+00,4.998525785643360919e+00
-3.731347799676128840e+00,4.987705375127086782e+00
-3.728543614726812283e+00,4.955384348697659647e+00
-3.553120038340774389e+00,4.939089436852855286e+00
-3.731029542853381287e+00,4.987537096694961036e+00
-3.652228114489929123e+00,4.968557591439902055e+00
-3.742806627545409270e+00,4.928695558249600595e+00
-3.740958727793741723e+00,4.959181839714876361e+00
-3.553170937401043172e+00,4.945232673162374581e+00
-3.634021353220961537e+00,4.853034833051300012e+00
-3.756094168330874616e+00,4.970290779687806193e+00
-3.538947987370669512e+00,4.928956410838512880e+00
-3.661745536665404810e+00,4.921533712365524948e+00
-3.472268908783403329e+00,4.907248424714707014e+00
-3.538914289784714562e+00,4.953772108362571203e+00
-3.562800377282209219e+00,4.882341742864145573e+00
-3.492296294900828268e+00,4.976742172620991056e+00
-3.888765537292785179e+00,4.984283546878598870e+00
-3.605506508113210717e+00,4.932294090649541829e+00
-3.620498173974929568e+00,4.963211220227135456e+00
-3.584138763251014659e+00,4.931108487565760257e+00
-3.615139244860102519e+00,4.973230876707878778e+00
-3.770211563765717422e+00,4.993470046124892647e+00
-3.642803316842121220e+00,4.991471431136641712e+00
-3.784513935023562148e+00,4.954007688321773628e+00
-3.650159931978424588e+00,4.979822760894801803e+00
-3.702883825667997009e+00,4.979329876973970670e+00
-3.603256572304913696e+00,4.997013387731934486e+00
-3.598214528132815726e+00,4.911347153320024361e+00
-4.028172563726465150e+00,4.998668491332216135e+00
-4.071690671648790172e+00,4.995550663036906869e+00
-3.644179627994721393e+00,4.883181220478039819e+00
-3.744784819968673517e+00,4.911050540785035778e+00
-3.739220300188953239e+00,4.913141749249501089e+00
-3.680878590035626452e+00,4.991828696649442065e+00
-3.519669772491488935e+00,4.985912932412819742e+00
-3.766107145192655103e+00,4.983302612695359457e+00
-4.019744375898770095e+00,4.917964931855266286e+00
-3.807743735888206693e+00,4.917031776698209455e+00
-3.663936643371361157e+00,4.985933272729900168e+00
-3.587117985649313834e+00,4.970256949096578225e+00
-3.737910120640863809e+00,4.964801946883607542e+00
-3.765402053470566557e+00,4.942809206085639673e+00
-3.560882731507777343e+00,4.965697386507681443e+00
-3.606769725344661559e+00,4.989579065356069876e+00
-3.494611943844883051e+00,4.865325523713039502e+00
-3.592958138637564858e+00,4.859221884631532262e+00
-3.711223152032641082e+00,4.918565511304098692e+00
-3.500759888396777875e+00,4.962217682734147317e+00
-3.646361281958163225e+00,4.950814169584592861e+00
-3.479260869258218314e+00,4.996549868923592541e+00
-3.439444343468835541e+00,4.914645480523894605e+00
-3.607391726073970517e+00,4.957053481723271204e+00
-3.610366376603646010e+00,4.947330808805082469e+00
-3.495794462878476061e+00,4.963545244996904415e+00
-3.487657661899665307e+00,4.931130139848159288e+00
-3.576687805690037081e+00,4.949975376660139759e+00
-3.517275129417165580e+00,4.982070708873356679e+00
-3.635574467975422053e+00,4.950383437959990474e+00
-3.578156277832729160e+00,4.952874105359555301e+00
-3.450939020692285197e+00,4.884617272952517908e+00
-3.571612397136102235e+00,4.928571313965585787e+00
-3.548887281084538436e+00,4.995264522333540569e+00
-3.483071311175001128e+00,4.877683634888938968e+00
-3.569129906629321169e+00,4.993600470268477309e+00
-3.694009732490085351e+00,4.986810103829609986e+00
-3.573100601577629654e+00,4.956423119582705539e+00
-3.538984807072919736e+00,4.968921791043221958e+00
-3.591684615762812172e+00,4.904878611611191985e+00
-3.423919281413600579e+00,4.971666658912765158e+00
-3.640075450595274376e+00,4.972752175055596524e+00
-3.511361606072411767e+00,4.980407894055204565e+00
-3.582225392844414547e+00,4.928419436487773808e+00
-3.498820537161817512e+00,4.995685450088641844e+00
-3.518769948793308622e+00,4.950529391760298381e+00
-3.422719253610580825e+00,4.954601868885751159e+00
-3.376208497471039127e+00,4.939451992315378348e+00
-3.402465905299822957e+00,4.979354255038270338e+00
-3.339889116403083946e+00,4.991123991141780181e+00
-3.723233447845989197e+00,4.950781509216430010e+00
-3.643774664350390768e+00,4.897472881589616023e+00
-3.522597847318157172e+00,4.979417437070770447e+00
-3.641062861931493977e+00,4.974088373749395942e+00
-3.459801172108383227e+00,4.993938823431236074e+00
-3.515682372393721167e+00,4.975193569624568823e+00
-3.653545437440556931e+00,4.849332302102130399e+00
-3.451044494273866725e+00,4.984127208920112295e+00
-3.432549874283828739e+00,4.974082647176672367e+00
-3.597476608052263103e+00,4.903028960918462076e+00
-3.493659770797250097e+00,4.954304013914356375e+00
-4.152300689021639180e+00,4.989249794846465136e+00
-3.555903839774858355e+00,4.961952416345413397e+00
-3.426819159316373042e+00,4.998568136592536959e+00
-3.669165112792170724e+00,4.996719546977358206e+00
-3.419066836945206855e+00,4.993275784715448751e+00
-3.545380211172394880e+00,4.961738183942623337e+00
-3.526681136573746045e+00,4.978457004426941168e+00
-3.487435759690044712e+00,4.965041112961744219e+00
-3.593304869795544754e+00,4.939110866072262240e+00
-3.368954567697229674e+00,4.973723440995632572e+00
-3.380722152044161710e+00,4.976633880547812083e+00
-3.461900107130181148e+00,4.954606698842260570e+00
-3.882808736287565843e+00,4.995678608385265562e+00
-3.469371900796781372e+00,4.983931244674113969e+00
-3.593916052250609283e+00,4.996689349915223843e+00
-3.497965802347421160e+00,4.965992206684330057e+00
-3.585581680726602549e+00,4.979536944197105797e+00
-3.578956216318335048e+00,4.948386020070262958e+00
-3.444595086434524944e+00,4.935082433253480616e+00
-3.381333164822138748e+00,4.958114580640213376e+00
-3.472242815631645385e+00,4.994725561947658932e+00
-3.344254907171307689e+00,4.988774772212519082e+00
-3.393130471622738398e+00,4.942013295745415036e+00
-3.544832410398985445e+00,4.988354740183996938e+00
-3.535252369306471465e+00,4.978462675884538058e+00
-3.336807728767650971e+00,4.934350464758951560e+00
-3.376450973166363667e+00,4.995501264982159739e+00
-3.533866052624734522e+00,4.994441447938545053e+00
-3.362772520197788495e+00,4.989584794524661859e+00
-3.447093268368109698e+00,4.974092270602570309e+00
-4.016553023922850407e+00,4.955155847451864659e+00
-3.450931852667841859e+00,4.910647419941042813e+00
-3.374499219309694098e+00,4.996830566868284862e+00
-3.487995078862475395e+00,4.922782418536064242e+00
-3.370755359599771683e+00,4.958071249799200331e+00
-3.623733050446610093e+00,4.998841530656331855e+00
-3.521928209957298606e+00,4.925062840376284612e+00
-3.345930125206356465e+00,4.969304492896744918e+00
-3.360340364070803609e+00,4.922078111980255244e+00
-3.535184119403102621e+00,4.957557874796469477e+00
-3.481451603085684354e+00,4.898274873502783677e+00
-3.397978840614728213e+00,4.979199576663647875e+00
-3.414069751235412120e+00,4.926233908103498038e+00
-3.362252892412211480e+00,4.997680048585969814e+00
-3.263099529856406722e+00,4.936523611063272199e+00
-3.457792601597859949e+00,4.944727098062337234e+00
-3.446818360953324056e+00,4.960043655833771936e+00
-3.283005655613377982e+00,4.936435071242703643e+00
-3.584514888321481685e+00,4.997796474027374813e+00
-3.440005378347837706e+00,4.950511850818854143e+00
-3.371370926680493429e+00,4.966582039269706428e+00
-3.923696608006200570e+00,4.997443508379218358e+00
-3.467404417217223589e+00,4.952324202327558211e+00
-3.468755453196901151e+00,4.970265472923831140e+00
-3.575675445424077559e+00,4.981173418513321849e+00
-3.564475130647147605e+00,4.967509378529356923e+00
-3.352305213201760559e+00,4.955016573695491644e+00
-3.469004648452017392e+00,4.987785037411981648e+00
-4.001864779523709004e+00,4.937873260955541355e+00
-3.562033323186279965e+00,4.929209171104155018e+00
-3.936316447961798026e+00,4.913525888579583167e+00
-3.455916377237215897e+00,4.955805293737686412e+00
-3.478336518408561950e+00,4.965112789711806585e+00
4.527832653441826949e+00,3.712866030506445369e+00
1.097085091812014745e+00,3.250912454258740425e+00
-1.858272532120825105e+00,-1.278750139033677513e-01
-4.028817951616824544e+00,-3.821810977137172216e-01
-1.170817155052227942e+00,-7.956655684626232627e-01
-7.788443798655935169e-01,4.826524590459950304e+00
-4.403417708666955477e+00,3.494050672476706865e+00
1.929281239364513567e+00,-3.710751686960377160e+00
8.649324399503637295e-01,4.123276771576520616e+00
-3.386133363977446020e+00,2.112501858148348788e+00
2.252821960537723101e-01,2.747507248664980750e+00
2.200976018247673416e+00,9.463837136885002721e-01
-2.850710380678694644e+00,-2.544965716975162273e+00
1.406230401149402454e+00,-2.692521269307333487e+00
5.943674045626750058e-01,-1.515177662752908549e+00
2.710988734915527054e+00,-1.999006172128157122e+00
4.876480932783644917e+00,4.430485798248149365e-01
-3.986527005375029908e+00,-4.580047468250983300e+00
3.977167532921598081e+00,1.024949491004943702e+00
3.604838497967723043e+00,2.834730006795549428e-02
2.562450291677689229e+00,4.361305715603039701e+00
3.235091223346694633e+00,-4.793532738621902212e+00
-2.457693889270669452e+00,2.644141108650581273e+00
-1.483257502156405838e+00,-2.302931540933064625e+00
-3.311282887840112821e+00,-3.400583513567359439e+00
-4.715892494867378382e+00,1.910340527739789351e+00
-6.323792455497052600e-01,-3.067520034530220041e+00
4.333051112755160972e+00,-4.106885767514476981e+00
-1.680734113104378480e-01,1.460957464744547352e+00
-2.302837792036334097e+00,-1.086135342251060454e+00
5.000000000000000000e+00,-5.000000000000000000e+00
9.262922469927126201e-02,4.016508071376465594e-01
3.219824470990257481e+00,-2.865596421305563801e+00
-5.000000000000000000e+00,5.000000000000000000e+00
-5.000000000000000000e+00,5.000000000000000000e+00
-3.190001899293514853e+00,5.000000000000000000e+00
-3.217698325767136769e+00,5.000000000000000000e+00
-5.000000000000000000e+00,5.000000000000000000e+00
-5.000000000000000000e+00,5.000000000000000000e+00
-2.711522634130307363e+00,5.000000000000000000e+00
-5.000000000000000000e+00,5.000000000000000000e+00
-2.122732567945934790e+00,2.467493614200293450e+00
-2.130320554272867817e+00,2.471670686295086128e+00
-2.701815837164271539e+00,3.083843404844246905e+00
-2.613973161942525270e+00,3.049602627929042242e+00
-2.558851874051317310e+00,3.148975059462985726e+00
-2.609933024348352504e+00,3.013320495879014516e+00
-2.560083739442386541e+00,3.090090973781959960e+00
-2.559086596479956288e+00,2.962252106054981127e+00
-2.529870706778340583e+00,2.914912107370648542e+00
-2.704258896864266237e+00,3.048995521605158743e+00
-2.713557662615180721e+00,3.252141921936630098e+00
-2.560852192979202080e+00,2.978179223622047012e+00
-2.736829281156633709e+00,3.262715204445262529e+00
-2.769734901347357781e+00,3.200330975683513657e+00
-2.528788294185227326e+00,2.994373741306298520e+00
-2.478420631444461897e+00,2.908389215339034273e+00
-2.491148691254701397e+00,2.851680219920509352e+00
-2.800690113715313512e+00,3.323380421732691659e+00
-2.891567132408588314e+00,3.478043582551434199e+00
-2.890841575463782398e+00,3.398513277137258370e+00
-2.811777598412310120e+00,3.455831899333249524e+00
-2.731046588175885415e+00,3.392589412399052762e+00
-2.856725942550595754e+00,3.412536425141471597e+00
-2.829160237003472300e+00,3.465982404955150642e+00
-2.886461410951183915e+00,3.342957986884018240e+00
-2.816456705388750592e+00,3.295405488036383446e+00
-2.806432396962787568e+00,3.258454308652261489e+00
-2.804634349530196857e+00,3.288838424660697868e+00
-2.902491613612103283e+00,3.405096149504599268e+00
-2.828502049841310928e+00,3.397141728083202139e+00
-2.939831435657014769e+00,3.448166891704296688e+00
-3.080796964173324159e+00,3.598357860135635633e+00
-2.987316215685162479e+00,3.585809932666650823e+00
-3.017733352398501268e+00,3.521785662895531743e+00
-2.899155156713834725e+00,3.453776520609769918e+00
-2.540182054452911231e+00,2.985708764026565376e+00
-2.611915317743272347e+00,3.129109977469518356e+00
-2.590432419807830566e+00,2.981263046021538798e+00
-2.808824237561340809e+00,3.425017535412619551e+00
-2.633898368161276426e+00,3.020052444540823444e+00
-2.919468827295538915e+00,3.563444292792718571e+00
-2.671290078629356302e+00,3.165353853462844924e+00
-2.950466078421721150e+00,3.555370976229975000e+00
-2.691539978785742360e+00,3.167730845933546036e+00
-2.470263241884223415e+00,2.911996431656848294e+00
-2.597421671569077439e+00,3.048829252627513142e+00
-2.602573114271515387e+00,3.033058932010478159e+00
-4.034178356745070637e+00,4.920226682204912549e+00
-2.634009130668323984e+00,3.102478727816224691e+00
-2.545000447754570239e+00,2.893281552493909281e+00
-2.310657083121654853e+00,2.733896196196812234e+00
-2.877924745531550865e+00,3.379315958830780176e+00
-2.976385449535729588e+00,3.413286248635317932e+00
-2.567497203822086238e+00,3.073351019924196237e+00
-2.606691380464534635e+00,3.178998112045720248e+00
-2.383225085314922165e+00,2.841124475056885146e+00
-2.157480733503299053e+00,2.547725558387552880e+00
-2.215519663225673952e+00,2.551973036542175777e+00
-1.814496202258688129e+00,2.195414754048678141e+00
-2.040445143135993344e+00,2.324930668769073172e+00
-2.273604680189534211e+00,2.738340477631032499e+00
-2.152277966241785023e+00,2.475550507689145086e+00
-2.243721041192560772e+00,2.652016318138822548e+00
-2.271985673401846650e+00,2.786554483877946353e+00
-2.507565890116512541e+00,2.917104627468328992e+00
-2.468223843329438338e+00,2.963181030001294403e+00
-2.539532371306026270e+00,2.944354878781889617e+00
-2.844825228216245172e+00,3.296074000677855054e+00
-2.552168746759524876e+00,3.066303004262028509e+00
-2.544544246038722868e+00,3.006612878143350542e+00
-2.439213918716112595e+00,2.993458536779867174e+00
-2.387422355058241408e+00,2.833325582820974020e+00
-2.261275540427773567e+00,2.680754471296906694e+00
-2.281285068505281455e+00,2.801567842138268816e+00
-2.286540987855833595e+00,2.671116893852508944e+00
-2.387562506638352566e+00,2.871023211009571696e+00
-2.337935201737193047e+00,2.881599988514934374e+00
-2.296906932066212104e+00,2.775610992596214466e+00
-2.432443246316370988e+00,2.871824368707125430e+00
-2.485026140615731016e+00,3.068782392730835085e+00
-2.398984570472400435e+00,2.976390043647395345e+00
-2.226255922142390098e+00,2.756041388562326055e+00
-2.268075149675366387e+00,2.892466056607946534e+00
-2.391699624008594594e+00,2.790888112999622805e+00
-2.231547543073945761e+00,2.772555308045767219e+00
-2.259835699785850860e+00,2.770418528771497968e+00
-2.269374273608498083e+00,2.747667195514186034e+00
-2.748423523629564436e+00,3.406708022973280237e+00
-2.688222240078728564e+00,3.360983605817837727e+00
-2.779612492451293715e+00,3.356845389162407045e+00
-2.919014385805927425e+00,3.577502133462642675e+00
-2.634357292626718472e+00,3.235338073027120842e+00
-2.753325553531591918e+00,3.339058086167716155e+00
-2.740962431146898748e+00,3.325010674699687030e+00
-2.448861667622254767e+00,2.915488671066224668e+00
-2.479984333096372673e+00,2.956543672494048813e+00
-2.423620090287066819e+00,2.971165524910531985e+00
-2.407891324514754405e+00,2.842326292122914211e+00
-2.460029769233245567e+00,2.902861945574505498e+00
-2.372252627435913919e+00,2.847950224579455458e+00
-2.683054848456128294e+00,3.301089690105781571e+00
-2.388161818988280949e+00,2.952435825145237835e+00
-2.338602008576533109e+00,2.894567280381053820e+00
-2.224769723370684904e+00,2.782406502412406724e+00
-2.278401686812457250e+00,2.905921266096422428e+00
-2.326984548148090415e+00,2.802172805752998208e+00
-2.108072411290339954e+00,2.577556629695755497e+00
-2.222716539648306622e+00,2.664173995263777073e+00
-2.251830816889591080e+00,2.710690448842189681e+00
-2.189462098920285538e+00,2.641864552673501620e+00
-2.199722297229962820e+00,2.654357835825877032e+00
-2.325664311794116035e+00,2.748170442145828396e+00
-2.323104885413891818e+00,2.838027835242611374e+00
-2.355227753036946314e+00,2.882789364575778279e+00
-2.262700052046431765e+00,2.781205170874257782e+00
-2.261786568620174798e+00,2.689543003193480608e+00
-2.189558522746230640e+00,2.744840922441781572e+00
-2.103332298327320160e+00,2.531928864545779589e+00
-2.021685647823996845e+00,2.449743473486777567e+00
-2.019994988012510539e+00,2.494431030276643924e+00
-2.160217204998480689e+00,2.681085624469949913e+00
-2.303596799186507393e+00,2.740184582643395927e+00
-2.369010327592498300e+00,2.820553253693812934e+00
-2.246082856289810969e+00,2.771930868787647384e+00
-2.075473043504880266e+00,2.571507827954359726e+00
-2.057166666847642489e+00,2.506654771288664207e+00
-1.988218268931408073e+00,2.478926931530032185e+00
-1.921643594144570422e+00,2.356515497198882869e+00
-1.982000367419432418e+00,2.427591070714104404e+00
-2.069326343255680101e+00,2.512149902294567916e+00
-1.917455366786526394e+00,2.440755227753919065e+00
-1.931064324285378220e+00,2.415066456433008213e+00
-1.703392451933249507e+00,2.181766974747177734e+00
-1.948487502605644295e+00,2.290876780839962379e+00
-1.864910358349147312e+00,2.270965247950728738e+00
-2.073178349864443604e+00,2.588026910606503250e+00
-1.939296832494485479e+00,2.595512507881917230e+00
-1.892845271048393840e+00,2.321845972181621143e+00
-1.929698754777469549e+00,2.477891012959027250e+00
-1.848997128864701800e+00,2.204915639288035578e+00
-1.979337616382635279e+00,2.502449107269489659e+00
-1.785436117649297660e+00,2.220478522950122269e+00
-1.753367814884354114e+00,2.224235458524264075e+00
-1.788260752094880779e+00,2.248337957171740342e+00
-1.606186234742829733e+00,2.084994623825581428e+00
-1.915293048854793234e+00,2.320321029091704901e+00
-1.780339804979525375e+00,2.300864806522997519e+00
-1.739488029260795710e+00,2.337316077819716398e+00
-1.680583826112536538e+00,2.192959745115020453e+00
-1.729436525716974593e+00,2.114204911593430047e+00
-1.679392530265196193e+00,2.082996844831630057e+00
-1.560449997226880825e+00,2.101595406522006826e+00
-1.578801971726675024e+00,1.967275076951714219e+00
-1.618701681026745831e+00,2.204379714132111090e+00
-1.480379127697338149e+00,1.969144483355601771e+00
-1.555632907425215539e+00,2.096841342017707888e+00
-1.617906533110842648e+00,2.163319103168625190e+00
-1.853486821748000057e+00,2.323073100331964902e+00
-1.920339934458751951e+00,2.411351217272541092e+00
-1.839340771475297842e+00,2.330291750959520236e+00
-1.785924288108547309e+00,2.318534715078270025e+00
-1.748012633645807501e+00,2.266058902255510432e+00
-1.630678906194467537e+00,2.251531167762045982e+00
-1.801067224834603131e+00,2.311594968909394865e+00
-1.843361293897802344e+00,2.296052843982684166e+00
-1.739568268464463774e+00,2.135423681276115815e+00
-1.707612992893641657e+00,2.319694371298623992e+00
-1.820335170005549674e+00,2.214359671542309727e+00
-1.758822164724061388e+00,2.235592217021403982e+00
-1.900414501414881663e+00,2.379389803759465849e+00
-1.831886928324026442e+00,2.384602278212310189e+00
-1.910057823258454857e+00,2.480829885736650198e+00
-1.905508138308484423e+00,2.412464402996866042e+00
-1.944394884961107461e+00,2.409941768660429418e+00
-1.856921448669755392e+00,2.371998152784648539e+00
-1.886013593057524584e+00,2.358870079277180842e+00
-1.773014731861472626e+00,2.415491502234383248e+00
-1.859375660184223289e+00,2.450295421560256592e+00
-1.856065988204303352e+00,2.460735843691638891e+00
-1.911639166146064550e+00,2.396231866001259370e+00
-1.787522166653405353e+00,2.402571240462644475e+00
-1.743931728289312311e+00,2.290793803322399569e+00
-1.801010918797181670e+00,2.374938858433711886e+00
-1.788642771476856463e+00,2.284489275790826390e+00
-1.788842743330365970e+00,2.297607779769792913e+00
-1.738384035606031386e+00,2.228304344373576384e+00
-1.843343391892837246e+00,2.428774266964745188e+00
-1.803269371212594230e+00,2.243999364952657061e+00
-1.853335558136732342e+00,2.249565874742557092e+00
-1.724934342646152086e+00,2.162385663738554342e+00
-1.649225521911996228e+00,2.220552492681421519e+00
-1.672153142002546389e+00,2.253525063889285640e+00
-1.674912388691760956e+00,2.129956880990433454e+00
-1.797828055686731652e+00,2.223670320143743773e+00
-1.800670254274872484e+00,2.306717100257690944e+00
-1.769972922526618753e+00,2.251130836180827544e+00
-1.766348127592912043e+00,2.199802597685489580e+00
-1.765366407674005433e+00,2.187921895865716948e+00
-1.725690909121027516e+00,2.257100553193040149e+00
-1.763852568327393566e+00,2.285718266851672453e+00
-1.734960109827951680e+00,2.307774791752957633e+00
-1.683198509554367117e+00,2.227961332680854056e+00
-1.719651105325906038e+00,2.236804042729909625e+00
-1.517696311801452591e+00,1.983007626739521356e+00
-1.608424935829864566e+00,1.965532111486786526e+00
-1.467452948065072871e+00,2.026255441081762143e+00
-1.484137200127606082e+00,1.976620373724575330e+00
-1.612739658298286027e+00,2.073171504491665651e+00
-1.628366577312714725e+00,2.129843140919548183e+00
-1.693427292507139637e+00,2.119041664472398168e+00
-1.784538100738866540e+00,2.211075413128974709e+00
-1.716309852737642583e+00,2.201554556935852780e+00
-1.784877229251102371e+00,2.307054041230857777e+00
-1.716896939237702480e+00,2.343778756358448234e+00
-1.724278490930654772e+00,2.356158507861567664e+00
-1.727046645172944483e+00,2.282962210479424492e+00
-1.717505281252332150e+00,2.220679757095645357e+00
-1.714117805960282848e+00,2.299699693564408953e+00
-1.639316440081702186e+00,2.161142343744565153e+00
-1.793319905685029525e+00,2.301071328079943967e+00
-1.771916536937409692e+00,2.423616630734729327e+00
-1.700234438395527459e+00,2.308834562197304763e+00
-1.719464671831294034e+00,2.163731300422643500e+00
-1.606426867242391587e+00,2.221629916167091601e+00
-1.763005924787953038e+00,2.258869353261574453e+00
-1.670921224123719906e+00,2.252699630846351830e+00
-1.822247360163357754e+00,2.291851358894073876e+00
-1.690777908868104529e+00,2.361032861389070092e+00
-1.677670659224847594e+00,2.282561710228505625e+00
-1.741462239672905810e+00,2.280863141789568616e+00
-1.781722672771435700e+00,2.365521173246727393e+00
-1.758824870270708107e+00,2.443815885580575831e+00
-1.773133505168276614e+00,2.309802300092266059e+00
-1.770282622449724119e+00,2.335675132029702006e+00
-1.859817042886960259e+00,2.412486538912763656e+00
-1.753986530212861439e+00,2.252408715379536019e+00
-1.768021240722434495e+00,2.431058663739193548e+00
-1.774778973495044099e+00,2.286517654811108358e+00
-1.747146540859821240e+00,2.372561088358061454e+00
-1.741310109221545943e+00,2.371221685979528537e+00
-1.659524760408654487e+00,2.215750186484271467e+00
-1.787946041454375301e+00,2.306354408119263510e+00
-1.881533520560671580e+00,2.332746071459333770e+00
-1.808959894458570083e+00,2.371337124143069630e+00
-1.692280184565006618e+00,2.306499093033462344e+00
-1.789523140358080688e+00,2.447457679014124921e+00
-1.743041354452468550e+00,2.249783520535702408e+00
-1.688635684963035288e+00,2.383390983036049349e+00
-1.698111007720702226e+00,2.400662275542719826e+00
-1.873462114267623768e+00,2.560593817528636684e+00
-1.687834541903757035e+00,2.295965050092680038e+00
-1.780331391088516124e+00,2.267943210489210770e+00
-1.776950201122882600e+00,2.387268174810993848e+00
-1.838475437334521789e+00,2.524509312003562655e+00
-1.769612092701011274e+00,2.336997016283511641e+00
-1.820762110989990301e+00,2.283145791526815849e+00
-1.735808176995277563e+00,2.317149807626739388e+00
-1.809991079619841070e+00,2.306776958696826085e+00
-1.740664362476007199e+00,2.325398183600668744e+00
4.863790538776695982e+00,1.710016189752794347e-01
-4.405521283448775804e+00,-4.608122633897641762e+00
2.765887933023243761e+00,7.530694625791571895e-01
2.614681128268873778e+00,3.255308263537997959e+00
1.998929998126807384e+00,3.917224718081708801e+00
-1.942555666643670964e+00,4.401944593985707144e-01
3.244206883427821708e+00,-2.789476923509314865e+00
4.051843708468082284e+00,-3.598402693688813159e+00
1.624484060908645944e+00,4.854912549845813885e+00
-4.280013369272268164e+00,-1.654368791130204741e+00
-3.111996773097610802e+00,-7.373819426914618447e-01
-1.004433695165871665e+00,-3.851043755114050171e+00
-7.774885033964196168e-02,2.762130294926251395e+00
-2.100002878199120460e+00,-4.137188633590369591e+00
9.690897711225519018e-01,-3.902812116488334482e-01
-1.404129203333566167e+00,-1.079371854884088489e+00
-8.151963038073226642e-01,1.297781792557946901e+00
3.475199207605207619e+00,4.246016482598788500e+00
-4.949561678178651114e+00,4.445486292131318962e+00
2.118522803147017797e+00,2.453866548119941982e+00
3.992564938909298533e+00,3.378110666129979123e+00
-3.891097447787291497e+00,2.107412907488521725e+00
-3.443325681082253453e+00,-4.742368349011583106e+00
5.640760295343927311e-01,-3.248295915533635725e+00
-5.893036875336443714e-01,-1.832549727199366707e+00
1.040468781020544853e+00,1.798701676429085516e+00
1.270212808646693503e-01,-1.422482331653291965e-01
4.373781948591290103e+00,-2.477850830180901465e+00
-2.561286557686391685e+00,-2.210903752830215563e+00
-2.722063148995534476e+00,1.606816215061082964e+00
-3.898028168054535225e+00,2.111412257269742909e+00
2.119144283908259041e+00,-9.808079620739373894e-01
2.126837266236178081e+00,-9.883773242870921294e-01
2.142137719894442682e+00,-1.000015128741714054e+00
1.723729784203422710e+00,-8.372091524967109066e-01
-5.000000000000000000e+00,5.000000000000000000e+00
-5.000000000000000000e+00,5.000000000000000000e+00
-5.000000000000000000e+00,2.650506735555695492e+00
-1.458924648023387505e-01,1.947263802139147515e-01
5.000000000000000000e+00,-5.000000000000000000e+00
5.000000000000000000e+00,-5.000000000000000000e+00
5.000000000000000000e+00,-5.000000000000000000e+00
5.000000000000000000e+00,-5.000000000000000000e+00
5.000000000000000000e+00,-2.382457168373206979e+00
5.000000000000000000e+00,-5.000000000000000000e+00
2.837559478680971914e+00,-5.000000000000000000e+00
5.000000000000000000e+00,-5.000000000000000000e+00
2.704963896875366203e+00,-5.000000000000000000e+00
5.000000000000000000e+00,-2.006498434954671062e+00
2.781440268412124439e+00,-2.227167253925300905e+00
5.000000000000000000e+00,-2.056195850611489462e+00
2.122346820450566440e+00,-2.365310942132784255e+00
2.128429590948894834e+00,-2.393615928524190917e+00
1.634900449622490370e+00,-1.262430378254075780e+00
1.647155499898595110e+00,-1.223742512449780051e+00
1.707690891179919568e+00,-1.186196483718555683e+00
2.158126135615018981e+00,-1.594929435326868816e+00
2.386024368081423930e+00,-1.746785193889508037e+00
2.056560615843254780e+00,-1.391794891880975715e+00
1.785716416584203436e+00,-1.255562145587365119e+00
2.062934650051742480e+00,-1.550673772364603131e+00
2.134027896332003849e+00,-1.438798419772355341e+00
2.154468312168658528e+00,-1.680974380843834215e+00
2.209398632258896100e+00,-1.641818056807340831e+00
2.316109307347118396e+00,-1.762001752039342062e+00
2.307336855008563781e+00,-1.668142874619853888e+00
2.498529896531076488e+00,-1.907079768616066318e+00
2.340868514285560309e+00,-1.721922675971556238e+00
2.390304631853377160e+00,-1.729586970240076127e+00
2.003249840389274006e+00,-1.422657914696680681e+00
1.925207279585208653e+00,-1.442328631897327629e+00
2.212130219768674522e+00,-1.703074127066665611e+00
2.256840380052301143e+00,-1.591394710173364313e+00
2.246383116489990783e+00,-1.770756967853385877e+00
2.279741120312123392e+00,-1.696208539724463726e+00
2.267554304239061125e+00,-1.576676576608360580e+00
2.113483546901545829e+00,-1.416642214872068539e+00
2.252841045197296665e+00,-1.521193787170564526e+00
2.297204460602250364e+00,-1.631146209021195226e+00
1.998367887373601270e+00,-1.371944540558695635e+00
2.040232181442518389e+00,-1.357928378454542173e+00
1.932334197483113414e+00,-1.393526517877714976e+00
1.817567195927500379e+00,-1.248620249886872813e+00
2.244186958521344977e+00,-1.562740464269898766e+00
2.247350555972971620e+00,-1.598890074719960364e+00
2.091629210227040403e+00,-1.441234488191485585e+00
2.282597472859936971e+00,-1.678321646830529090e+00
1.989693511111470414e+00,-1.447292665271441958e+00
2.053598638265947685e+00,-1.340072695067049846e+00
1.918057644542622064e+00,-1.315397505478237861e+00
1.881836633239357681e+00,-1.250656434515639681e+00
1.737352511146927903e+00,-1.205314829327091886e+00
1.879300760581513963e+00,-1.231274201317034134e+00
1.852718130637760474e+00,-1.241581208200811304e+00
1.922186519320719711e+00,-1.339724836791132301e+00
1.928321554427037121e+00,-1.398259240946417403e+00
1.960563216053547997e+00,-1.245471264670555911e+00
1.900355680301099248e+00,-1.314428342044243081e+00
1.882487462250698407e+00,-1.191982225619913294e+00
1.864241066732970964e+00,-1.237039323814931535e+00
1.854355596230537806e+00,-1.203706410623153200e+00
1.931279828880112959e+00,-1.218003316537652481e+00
1.905306780556699664e+00,-1.231148904276029299e+00
1.993796773448417881e+00,-1.306717844643651816e+00
2.200571531375981493e+00,-1.493488048963468984e+00
1.904250659139571589e+00,-1.341592150182182142e+00
2.040067735070667965e+00,-1.376599292216879711e+00
1.975252725948707599e+00,-1.327737022025505365e+00
2.206239875582140186e+00,-1.502632004728295279e+00
2.277778964169091758e+00,-1.559292783405597405e+00
2.150483775101443840e+00,-1.433880659900844012e+00
2.237997390130441744e+00,-1.480762547924096673e+00
2.250456677195210808e+00,-1.515173697722915325e+00
2.243944534871216590e+00,-1.515111197918926234e+00
2.213051722464119742e+00,-1.517935743939520687e+00
2.184290902541058621e+00,-1.572824678306628421e+00
2.223620938519450974e+00,-1.669490713838542195e+00
2.306369091826415918e+00,-1.647504867802950912e+00
2.470750112851243685e+00,-1.640613426025647303e+00
2.446559099515733138e+00,-1.574063164670284731e+00
2.547586892910161716e+00,-1.525405474228216818e+00
2.601556114486274218e+00,-1.620067494940588659e+00
2.716554661209792165e+00,-1.544283538940866674e+00
2.671698286924685029e+00,-1.535647559777559401e+00
2.612471494596513288e+00,-1.523473350071725019e+00
2.511774855163820597e+00,-1.588607843374923334e+00
2.425822303754453735e+00,-1.626152622410535376e+00
2.442491589542321151e+00,-1.748280515218237241e+00
2.458369859278212388e+00,-1.655320645905427490e+00
2.400311893095917526e+00,-1.523960858651117078e+00
2.397347249409466308e+00,-1.696302857276053455e+00
2.379059668823151341e+00,-1.531062878100599267e+00
2.298362166612680113e+00,-1.526531640122165800e+00
2.144101098015358531e+00,-1.385301259202198931e+00
2.040166444941476698e+00,-1.363675951145760123e+00
2.321551020080864447e+00,-1.474034297446981778e+00
2.039360438765248418e+00,-1.339280185260510070e+00
2.078674924786634293e+00,-1.508082886743312034e+00
2.093430838156582041e+00,-1.287328923683097148e+00
2.035031091214996479e+00,-1.278661283991766151e+00
2.164019860110019344e+00,-1.330687147346186094e+00
2.260415878235411569e+00,-1.536768187365005645e+00
2.252746852479799777e+00,-1.590575176707953897e+00
2.311069517059705092e+00,-1.627913272494126318e+00
2.287691447850223270e+00,-1.517316455465050229e+00
2.261889778805739937e+00,-1.504231481540729387e+00
2.324978981082682417e+00,-1.404816620108513714e+00
2.282239234961878971e+00,-1.385967684737952510e+00
2.384395362275770758e+00,-1.440269088209274351e+00
-2.864575338394416359e+00,5.000000000000000000e+00
2.002014301030575538e+00,-1.446187367752045816e+00
1.958231326072312761e+00,-1.314936086786179903e+00
2.027166397430688605e+00,-1.315682443714560446e+00
1.881800955783845097e+00,-1.405768067351719885e+00
1.874614531913599613e+00,-1.176948192101717972e+00
1.884376483014427173e+00,-1.347166805044504478e+00
1.788042095218359329e+00,-1.246986800764418923e+00
1.662042291630654312e+00,-1.129828182175474094e+00
1.611274023236926034e+00,-1.098562409618333291e+00
1.604349882235199587e+00,-1.075784057837561036e+00
1.618161954293015903e+00,-1.291075016986218849e+00
1.671503556561728665e+00,-1.233279038043915143e+00
1.641796073063323647e+00,-1.125861863594352030e+00
1.985415346093848399e+00,-1.488979869229929864e+00
1.956150604444166774e+00,-1.373725213639627629e+00
1.976607758779661772e+00,-1.439865858215035210e+00
1.927449143677471000e+00,-1.407819731255523621e+00
1.974045209278438406e+00,-1.388697508476639975e+00
1.980177619165734981e+00,-1.383481790382777188e+00
2.022382638433819935e+00,-1.409871663655348328e+00
2.199651813990206151e+00,-1.498476194015134322e+00
2.056572620166507548e+00,-1.307082427382415979e+00
2.002908794374559598e+00,-1.307189493378452916e+00
2.149374203936967653e+00,-1.328088499199058692e+00
2.063164245864312463e+00,-1.357773318002542418e+00
2.043347675087103354e+00,-1.310671513087306561e+00
1.998096725924861872e+00,-1.210863740830099289e+00
1.960104650927949166e+00,-1.248809498775830029e+00
1.956005323774672178e+00,-1.172154770507398691e+00
1.946243969235027294e+00,-1.250093551636730194e+00
1.801977776563141731e+00,-1.168107226781989194e+00
1.829498909950316943e+00,-1.104189712348277119e+00
1.794334781633855513e+00,-1.215927739662010509e+00
1.949086888691915931e+00,-1.186595304203887924e+00
2.018732093783857096e+00,-1.218893841052210991e+00
1.971619111116167389e+00,-1.282879448174094161e+00
2.050363533074333944e+00,-1.292033031581129698e+00
2.158265957194641871e+00,-1.556291723379186642e+00
1.949991803152492764e+00,-1.344940396100117841e+00
1.970800001500733423e+00,-1.256907865272994140e+00
2.109699829548878469e+00,-1.578359966948224447e+00
1.962839749170900205e+00,-1.275695481940242626e+00
1.863833690041994728e+00,-1.251524867127246754e+00
2.103608917238107168e+00,-1.253048834555608337e+00
1.966378125814363109e+00,-1.298473454130782301e+00
1.985336936920354844e+00,-1.272732900648382959e+00
2.123257558458476524e+00,-1.361747266796570877e+00
2.035960487770501537e+00,-1.221729893804710532e+00
1.934870249474400339e+00,-1.262192563297388048e+00
1.947521095910493827e+00,-1.196557489952863040e+00
1.998302917113798038e+00,-1.246178360862498558e+00
2.168658510102375203e+00,-1.329870829020536771e+00
2.060060100193722654e+00,-1.192005547092827911e+00
2.060891150217321943e+00,-1.209794493066874921e+00
1.908459528059011312e+00,-1.169639778273181552e+00
1.898850727928182991e+00,-1.177098071438333893e+00
1.978436672961404241e+00,-1.077671398123398738e+00
1.980480782089289349e+00,-1.137298402436427658e+00
1.906102303536637343e+00,-1.077795977241171599e+00
2.000027174585293999e+00,-1.108741633912531110e+00
1.985604061987790381e+00,-1.034556482208519590e+00
1.882995259048383829e+00,-9.724222291829409670e-01
2.088778674918730260e+00,-1.053866328854191625e+00
2.065675207282237302e+00,-1.087028958502582743e+00
2.255213963122365328e+00,-1.108568750775392964e+00
2.098817628490968978e+00,-1.016190754239626237e+00
2.008144214251236015e+00,-1.136563235717918730e+00
1.890000795265070366e+00,-1.125797652942639449e+00
1.847743968403539938e+00,-1.174495460812063907e+00
1.857338698895412143e+00,-1.102383548774548139e+00
1.890199775590738263e+00,-1.067765358740150106e+00
1.870795516649840451e+00,-1.119206731013649758e+00
1.819289064004291134e+00,-1.145026385041283401e+00
1.831364924826848650e+00,-1.107017422586583422e+00
2.117993322292729630e+00,-1.198174391901788205e+00
1.913176817803261542e+00,-1.221034150155735354e+00
1.945886567841786707e+00,-1.283581595432563116e+00
1.860249370594374341e+00,-1.186751922469833964e+00
2.000399972652513014e+00,-1.165388612257711731e+00
1.826042505791488857e+00,-1.199041301077610200e+00
1.938655660092742039e+00,-1.202987847266978605e+00
2.042942108210381136e+00,-1.123414577871388875e+00
2.172182338786010192e+00,-1.298793441265026605e+00
1.974776680537244644e+00,-1.355449869127231644e+00
1.907390282094533873e+00,-1.198301560968948465e+00
1.954266484930552217e+00,-1.218554102941578066e+00
1.948381332934788546e+00,-1.195466322757282818e+00
1.926888791327623807e+00,-1.344389188805256818e+00
1.971660468739061756e+00,-1.372051939590519076e+00
1.997196693893038777e+00,-1.255733177689127178e+00
2.048478881284011344e+00,-1.228669780822631008e+00
2.114916332176676406e+00,-1.478091944587884399e+00
2.122880847694277762e+00,-1.516990524654444172e+00
2.077441821874012717e+00,-1.469286026668848333e+00
2.095507597764608931e+00,-1.294299865967492469e+00
2.178938835433248400e+00,-1.535563092932314522e+00
2.144971146882047819e+00,-1.495617187053772223e+00
2.203283317367466410e+00,-1.452350942050128602e+00
2.079668509588157299e+00,-1.551374968601397342e+00
2.005983656618348654e+00,-1.297265761025816033e+00
2.097035447047456813e+00,-1.517412634115997250e+00
1.995681581431718143e+00,-1.216272935378817088e+00
1.932136446904286764e+00,-1.267820569681044507e+00
1.945446027829627056e+00,-1.249630731989746835e+00
1.902233270231049822e+00,-1.384427728436812721e+00
2.055208197501149137e+00,-1.274687781694081146e+00
2.049383082837177739e+00,-1.245001681767827773e+00
1.916151560366796680e+00,-1.364184101717636377e+00
2.126599791777924686e+00,-1.479338420103082807e+00
2.191632894128167308e+00,-1.503569457825708167e+00
2.138147617985152849e+00,-1.489411588166728695e+00
2.169653405274462266e+00,-1.526439143951232147e+00
2.080014199602810976e+00,-1.464653155606790325e+00
2.152781178011027308e+00,-1.458659137541756134e+00
2.179647804405292710e+00,-1.438059571165275941e+00
2.117029088607780274e+00,-1.510331113401908620e+00
2.068247267958994939e+00,-1.212117200587528920e+00
2.241685723125518059e+00,-1.399520832013476213e+00
2.166063755535537538e+00,-1.294846799653382341e+00
2.198270353965274815e+00,-1.513025181922020401e+00
1.911277388476299244e+00,-1.188995552059874949e+00
1.972329636492187177e+00,-1.302198086470998550e+00
2.068179456245267112e+00,-1.256117009974738075e+00
1.971724943364129068e+00,-1.209385399749428380e+00
2.172921384402517475e+00,-1.403231544924121277e+00
2.134535571385444364e+00,-1.355591688469374834e+00
2.176399054222294183e+00,-1.405352703342046095e+00
2.161798401392045932e+00,-1.548834682518239081e+00
2.099561263980124437e+00,-1.468171175269677331e+00
2.051175018406793171e+00,-1.444913602590262691e+00
1.986152189363680876e+00,-1.222668089757855903e+00
1.975121589083598472e+00,-1.249201927313605687e+00
2.187290961430099046e+00,-1.436843390566433953e+00
1.975434995722645581e+00,-1.397388097862269252e+00
1.977449661653183810e+00,-1.437896905500401612e+00
1.925415746197851163e+00,-1.389038818712051260e+00
1.906263154711327346e+00,-1.341979734464244345e+00
1.915166084910243427e+00,-1.263996880551394142e+00
1.863842872077188240e+00,-1.291876995737674783e+00
1.776712101807492949e+00,-1.143125660798270715e+00
1.791331653914634892e+00,-1.246905877192340029e+00
1.833175240344949941e+00,-1.267015930890824205e+00
1.721635720741121034e+00,-1.269729491005946009e+00
1.987786046324670153e+00,-1.239748410848868776e+00
1.853988819766358986e+00,-1.254787318883233027e+00
1.924311736597950073e+00,-1.334525680549807802e+00
1.867186128526192590e+00,-1.290875345925602158e+00
2.109944230621478845e+00,-1.416182542508555464e+00
1.976137112799591478e+00,-1.198233586362956515e+00
2.210778757085700263e+00,-1.534255697971706578e+00
-1.040950695460927111e+00,2.759677281173678054e-01
6.917610474628848038e-01,6.175598443537246851e-01
1.581453428530176453e+00,2.317611785004498159e+00
3.162513313536351234e+00,4.218154593638518080e+00
6.276152506689589572e-01,1.599275182753770785e+00
1.013146165591090053e+00,-4.628207868316751572e+00
-2.005817892936698765e+00,-3.394827115371219506e+00
-1.849184548895815183e+00,-2.091542842190110996e+00
1.725342796736967443e+00,3.567355343812405266e+00
-3.773941290349771549e+00,-9.687138826485233167e-01
-5.953919502608009395e-01,-2.531610098451329449e+00
2.563753923646886257e+00,-1.747781739482472840e+00
-4.344913970267772818e+00,-4.191961083377718111e+00
-4.866340869871057961e+00,-3.159866039417629668e+00
4.476345680627972001e+00,2.869830083784833619e+00
-3.212808710349214891e+00,3.208208566138216256e+00
-1.062690373669470389e-01,-1.281713721016926488e+00
3.531539906792701800e+00,-1.595871484558504250e+00
4.248027988254225562e+00,-6.508550047268375494e-01
4.268023442445390003e-02,-3.926349765283472237e+00
4.775374484724103752e+00,4.342904869002179424e+00
3.946571339913051091e+00,1.087960918567516089e+00
-1.430293744272149059e+00,3.790221106632438719e+00
-9.299084051413117891e-01,-4.997287913413684279e+00
-2.452043987729268348e+00,2.445725879461013719e+00
2.921029623784806795e+00,1.720341788863242627e+00
-2.746026822545696966e+00,-1.951932746862681256e-01
2.050646069663385695e+00,-2.998403961637029269e+00
-3.417876229148161471e+00,7.342885402962284758e-01
-4.112763178830941335e+00,4.827139391238130628e+00
1.218591092330015613e+00,-1.192228837694681687e+00
1.379013347239052223e+00,-1.156894129150906281e+00
1.366262800195228166e+00,-1.149214085850386979e+00
5.000000000000000000e+00,-5.000000000000000000e+00
5.000000000000000000e+00,-3.787720568537689125e+00
5.000000000000000000e+00,-5.000000000000000000e+00
5.000000000000000000e+00,-2.900391481065154320e+00
5.000000000000000000e+00,-2.887226105360780615e+00
3.648642744482398115e+00,-5.000000000000000000e+00
5.000000000000000000e+00,-2.849541015477177197e+00
3.160022701829879210e+00,-3.533001916838457213e+00
5.000000000000000000e+00,-5.000000000000000000e+00
5.000000000000000000e+00,-5.000000000000000000e+00
-5.000000000000000000e+00,5.000000000000000000e+00
-2.559728985431319881e+00,5.000000000000000000e+00
-5.000000000000000000e+00,5.000000000000000000e+00
-5.000000000000000000e+00,5.000000000000000000e+00
-5.000000000000000000e+00,5.000000000000000000e+00
-5.000000000000000000e+00,3.503684224809756387e+00
-2.996595126426676359e+00,5.000000000000000000e+00
-3.002636425968144174e+00,5.000000000000000000e+00
-8.271985163632642468e-01,1.264645107645442579e+00
-8.755649781607681703e-01,1.349282357288092982e+00
-4.746637294879114677e-01,7.656258440122343245e-01
-3.044470566883727969e-01,5.251864665100232088e-01
-1.345251054130188084e+00,2.085626449600371579e+00
2.583857558897246776e-01,-8.676809064368384838e-02
-3.812969649556610108e-01,7.100128751479264366e-01
-2.233100574202326882e-01,3.938942668313485385e-01
-4.452015285812152001e-01,7.710005755221818191e-01
-6.104441483624949427e-01,8.755075418079005800e-01
-5.165294790586898444e-01,8.194057729308905635e-01
-2.880130352990875053e-01,5.279079597308724559e-01
-5.491586902187837183e-01,8.601537370657066361e-01
-6.234688245279027541e-01,1.038198155814754386e+00
-7.475044240874284540e-01,1.058044191093677533e+00
-6.106934302442503792e-01,9.987084188710682042e-01
-4.858070869988502238e-01,9.130262858537658843e-01
-1.705270738934272501e-01,4.267708518682633567e-01
-6.372155615069861057e-01,9.889615738776100784e-01
-1.724626903816082191e-01,4.781197633973981453e-01
-5.000000000000000000e+00,5.000000000000000000e+00
-6.485110243070737468e-01,9.361058822375802890e-01
-4.623818296220303381e-01,8.224487930063002494e-01
-5.711652893714820323e-01,9.556538595210328779e-01
-6.176905961708332171e-01,9.630440243422366819e-01
-7.739677547955023940e-01,1.223008275509068099e+00
-9.438339994667854782e-01,1.499469911798334110e+00
-8.188484501106385594e-01,1.204826020796784469e+00
-8.440572721783592414e-01,1.391869958702929289e+00
-1.015932323375405844e+00,1.505701662785851269e+00
-1.131370243358510663e+00,1.518462569431431319e+00
-1.061384571774617314e+00,1.557756418585221070e+00
-1.213914924413517227e+00,1.816495511638157367e+00
-1.150568147703818767e+00,1.799244638145507835e+00
-1.190318034141824022e+00,1.583488918237701881e+00
-1.199036945552824918e+00,1.778650492566461239e+00
-1.171540969315731928e+00,1.601527212361082420e+00
-1.188899104202322476e+00,1.663054803702948448e+00
-1.131787407078915564e+00,1.731074677615692892e+00
-1.182760121748340776e+00,1.541336804492880574e+00
-1.143095487257069998e+00,1.640153685579988085e+00
-1.118976877196652175e+00,1.606603545041915382e+00
-1.004247030796921791e+00,1.550146985370010277e+00
-1.135101957897225233e+00,1.601341929960052646e+00
-1.187305492865309287e+00,1.644365981239008789e+00
-1.158480737860910992e+00,1.655426217914427234e+00
-1.231410384011748516e+00,1.638992421746628736e+00
-1.190117181816509273e+00,1.774137825511557409e+00
-1.288463561179431949e+00,1.906575603746603065e+00
-1.243192532886365775e+00,1.694386556910988162e+00
-1.259971728241808364e+00,1.755135563002156118e+00
-1.290173374330431777e+00,1.799400729390299603e+00
-1.217305159845886386e+00,1.779985218743548536e+00
-1.227384941903835180e+00,1.657470801939409100e+00
-1.063916639548765364e+00,1.570719827374199795e+00
-1.096433079724665749e+00,1.614718439414008166e+00
-1.166467393524017737e+00,1.547688172474602553e+00
-1.188919373648781530e+00,1.612720917525006570e+00
-1.203753021808224855e+00,1.549235709706930031e+00
-1.134971885547252590e+00,1.568568380178581911e+00
-1.063529527708598543e+00,1.492136010420185954e+00
-1.047157534658650135e+00,1.489285339600943558e+00
-1.045428563078842910e+00,1.530427514331056393e+00
-1.089902112401551548e+00,1.500726865492333140e+00
-8.785252213076502059e-01,1.201715930259790177e+00
-9.062675040786905001e-01,1.222342702539065407e+00
-1.168197142626902441e+00,1.500304779348891948e+00
-1.060746222847775755e+00,1.557523038059987819e+00
-1.002708600789897986e+00,1.517763811479275304e+00
-1.046398001903941832e+00,1.529862724989103029e+00
-9.895188651327471163e-01,1.306410975815238018e+00
-1.083820282613998653e+00,1.477108965622418779e+00
-1.052774848495267257e+00,1.416135963666449449e+00
-1.074686676502328631e+00,1.431419729267375374e+00
-1.031670135634329633e+00,1.556001893530039482e+00
-7.633227992095061865e-01,1.188725725230485253e+00
-9.372755306652607032e-01,1.248160334928073212e+00
-1.027111417648539415e+00,1.508181190768612900e+00
-8.941268515607205813e-01,1.274147433882148128e+00
-8.518426070084652579e-01,1.236056469707263794e+00
-1.008868966819868263e+00,1.342513406651705488e+00
-8.362205823886590395e-01,1.171890814425582406e+00
-8.432243020887764118e-01,1.226003488956880716e+00
-8.024978128111364128e-01,1.188590837666190225e+00
-9.384132863524925483e-01,1.212016671784263089e+00
-1.072483438513167631e+00,1.478842387040371520e+00
-8.446565371989311899e-01,1.216309667944063477e+00
-9.995324753903842563e-01,1.546756916206649457e+00
-1.031533130579719071e+00,1.538671155132154134e+00
-1.070772887382460681e+00,1.649689052374498921e+00
-1.068334388464129425e+00,1.619186559223539490e+00
-1.051311584263555865e+00,1.564926420819075403e+00
-1.094639883583206075e+00,1.524184682212946562e+00
-1.068780974752965296e+00,1.518252082320157292e+00
-9.832393394428908806e-01,1.474860816435957567e+00
-1.045669487343182880e+00,1.536525139854132860e+00
-1.051867878308735627e+00,1.509218119747685272e+00
-8.762209109395060480e-01,1.335534135991068183e+00
-8.392112818212780212e-01,1.215777268778072795e+00
-8.317072825610685172e-01,1.226887862316672795e+00
-9.918068872156373672e-01,1.502795740754604203e+00
-1.028712662072315265e+00,1.492813797382916086e+00
-7.628564039284588816e-01,1.206330832801626229e+00
-8.325102590459190210e-01,1.221416278449719783e+00
-8.073872956526439992e-01,1.187256860742095022e+00
-9.938832934806862696e-01,1.483098648019427479e+00
-1.048871836762845788e+00,1.570609015039721612e+00
-1.070442948435890163e+00,1.532638890404575349e+00
-1.077553584062682646e+00,1.559082262035191846e+00
-7.849590854992900546e-01,1.221818864672635563e+00
-8.724358165266519194e-01,1.305848692831222735e+00
-7.891052001873948285e-01,1.216317133941227091e+00
-8.434317168327263303e-01,1.222047308227254270e+00
-9.072424288380807056e-01,1.271926087260752958e+00
-7.388895250981395435e-01,1.244825476301415712e+00
-6.561102735351571624e-01,1.186050191313286817e+00
-6.287855733705320915e-01,1.146289248380326420e+00
-5.979200331089185028e-01,1.065821259916347685e+00
-7.276406593967301717e-01,1.240847574567226275e+00
-6.686225809668178144e-01,1.149222457371941175e+00
-7.214671133814976045e-01,1.150250853875154355e+00
-5.297716714336209165e-01,1.136402453306500249e+00
-7.405857297673987816e-01,1.109483560857627005e+00
-7.482984283837614825e-01,1.221770035887454142e+00
-7.823609369258113233e-01,1.244860604491081268e+00
-6.926014323667271100e-01,1.141273571457595892e+00
-7.824054649742056000e-01,1.205223352591747954e+00
-6.952560826600482358e-01,1.189972295886892795e+00
-7.425756313668347985e-01,1.293476043060590719e+00
-7.727165338338970457e-01,1.141819566231082383e+00
-7.887397665718962614e-01,1.354711138881460997e+00
-7.335731523341282312e-01,1.279538918175539663e+00
-7.633875404582806112e-01,1.226622407649506918e+00
-8.346936533386104529e-01,1.197292551205492828e+00
-6.957298130089153432e-01,1.291471839083659034e+00
-6.414395523032094815e-01,1.116961293976547864e+00
-7.025493018659130229e-01,1.195849868235448810e+00
-8.310335003663915643e-01,1.464344890877347538e+00
-9.205470861251496828e-01,1.510943822183467233e+00
-9.699673454195547606e-01,1.485818695390332067e+00
-9.272564544800641073e-01,1.449489983300211726e+00
-7.826509559579442055e-01,1.272540127635712004e+00
-7.636658896171342192e-01,1.303826400770273786e+00
-7.210723077720331275e-01,1.214750538758925913e+00
-7.240501616458017153e-01,1.309218516936350163e+00
-7.469880924905423214e-01,1.134681727441383181e+00
-7.829872029721993698e-01,1.157489682115188323e+00
-7.864159694597008254e-01,1.158376401312432691e+00
-6.616712194524465573e-01,1.115604838076308170e+00
-7.161639688970851125e-01,1.145573258731671373e+00
-6.828541222878117267e-01,1.163768210983678664e+00
-5.607805503212484055e-01,1.065474105615153988e+00
-5.920587326637818393e-01,1.107934356379307594e+00
-7.046708951038516133e-01,1.169119373735770573e+00
-6.476863156474426120e-01,1.135376495173162859e+00
-6.680945245190716975e-01,1.085220005638919183e+00
-7.445761621950381937e-01,1.176764712591069184e+00
-7.789801393708595256e-01,1.123258125089242832e+00
-7.159930009915482785e-01,1.172516353304647652e+00
-7.599273084200586226e-01,1.123566023961382498e+00
-8.009829328806450377e-01,1.309508449677831976e+00
-7.374668683884735287e-01,1.150467619677249864e+00
-6.539567895430842270e-01,1.106192954686179064e+00
-7.495495091647814689e-01,1.177391911300615490e+00
-9.589626717509585063e-01,1.461680780877710362e+00
-8.054307655812085187e-01,1.390719961186497322e+00
-1.011999943647923228e+00,1.463634526074346631e+00
-9.096054686955916679e-01,1.480243051471967775e+00
-9.952570279958026234e-01,1.454277043228503707e+00
-9.059904976918886632e-01,1.472957468969081418e+00
-1.077808987456863044e+00,1.561025206861538450e+00
-7.631098453573628149e-01,1.205142607602422977e+00
-7.603213577276601853e-01,1.178596399377587645e+00
-9.604801864094261177e-01,1.464984204799089973e+00
-7.242565895252681685e-01,1.264704215990136937e+00
-7.633623424712618899e-01,1.239274518117946755e+00
-9.460405556725559606e-01,1.460432144214280470e+00
-9.415964970575840809e-01,1.491145537077033012e+00
-8.179260534013019779e-01,1.178055570985020672e+00
-9.761535194236437007e-01,1.447210772553165548e+00
-7.790309523218041932e-01,1.199717329996065729e+00
-7.333129789392582865e-01,1.181167554694422250e+00
-7.547704262288865706e-01,1.159328825168731925e+00
-7.396807518602805942e-01,1.175476218596656075e+00
-6.856597952898235704e-01,1.109281886940331141e+00
-7.475511375981618301e-01,1.170161211876238561e+00
-7.363092065623142446e-01,1.203160774343523087e+00
-7.190357345436213521e-01,1.165634693376953024e+00
-8.892028262148077289e-01,1.289810929718944621e+00
-9.156710781138475141e-01,1.371438552830383628e+00
-7.732451511728655191e-01,1.148172169329770398e+00
-8.782712419688953887e-01,1.295683692157931333e+00
-8.208770560592526522e-01,1.254384457734368574e+00
-7.366825423832406017e-01,1.118929315277741310e+00
-8.469452590258352842e-01,1.310569233223489505e+00
-8.584620319906930419e-01,1.332641983747524961e+00
-9.973997124771436518e-01,1.481498501978148141e+00
-8.328695628527063022e-01,1.315428622364435363e+00
-7.750536347658689706e-01,1.219389257376040980e+00
-9.135222746470947897e-01,1.333071986015842647e+00
-6.343820410647760255e-01,1.075860691599105579e+00
-8.128813350210499777e-01,1.285756304329453314e+00
-8.542980255343994855e-01,1.272355675290876675e+00
-7.029585249952639003e-01,1.164798313074502545e+00
-8.080716858069578734e-01,1.193888480594874402e+00
-8.226187352614058312e-01,1.286539070777068972e+00
-6.892000762138428271e-01,1.214145215064559302e+00
-8.589144357925837525e-01,1.359991639256663554e+00
-8.825131834884434312e-01,1.349476666256570923e+00
-9.361301418884062642e-01,1.344782919944592869e+00
-8.928006810321580389e-01,1.377706610279505028e+00
-8.164857711148698627e-01,1.260394989178871938e+00
-9.723530845479189111e-01,1.359621719897125658e+00
-8.491930245579650816e-01,1.289202392857708546e+00
-8.851455468084257205e-01,1.310639663970711410e+00
-8.557946109658765010e-01,1.266149642937222985e+00
-7.952800941761104525e-01,1.221685504155688662e+00
-8.772642118494928809e-01,1.303217110617067576e+00
-8.582023648223211509e-01,1.286858650361496714e+00
-8.381612632632844395e-01,1.227019206664334838e+00
-8.497392458565000695e-01,1.312607703581937457e+00
-8.796111279238560954e-01,1.311249587166561703e+00
-9.072994966677985218e-01,1.315059515595523365e+00
-7.506874938134933117e-01,1.176779157220394723e+00
-8.865766776817896044e-01,1.273481901755092238e+00
-8.508489146820892302e-01,1.256092479762804359e+00
-8.414646149643010276e-01,1.266994962764690591e+00
-8.734193284710043415e-01,1.237064454191768803e+00
-8.459733487277842912e-01,1.249157433028932118e+00
-8.002681342059343450e-01,1.196612423796926450e+00
-6.759686502108976924e-01,1.102347230135825029e+00
-8.523936109269119044e-01,1.298005432850234619e+00
-7.671010834970530823e-01,1.173792094102300787e+00
-7.970595074674271530e-01,1.275376856179404328e+00
-6.879942585782581332e-01,1.066399259599183580e+00
-7.696862066681973147e-01,1.181863096032238047e+00
-8.854983137869290033e-01,1.255439002500584600e+00
-8.846713085604438476e-01,1.296347015043306072e+00
-8.555273989148854952e-01,1.226330213920591383e+00
-8.689170406401487412e-01,1.289555011399464490e+00
-9.098866433601298098e-01,1.357821101746848669e+00
-9.323261579439794389e-01,1.324465473067006016e+00
-8.266846533360077132e-01,1.230187350164624327e+00
-8.979318386877004343e-01,1.300164554099926484e+00
-8.426500506658847200e-01,1.320047708690214705e+00
-8.536132685189787850e-01,1.292331515142021381e+00
-9.599612397138237441e-01,1.385057531391593599e+00
-8.687431682872945871e-01,1.318622725051402433e+00
-8.793835665833968918e-01,1.266570344106833446e+00
-2.860827827861443851e+00,-3.716272110575698395e+00
1.841155969241743406e-01,4.701183072354803372e+00
-2.136278611249693427e-01,2.455016484064191928e-01
-4.814404367596091916e+00,4.083907577199788363e+00
-3.132910174242009571e+00,8.477615866764773855e-01
1.778323088826376797e+00,-2.061324555736998576e-02
-7.626157357050153962e-01,2.590394986698839830e+00
-1.279733735826333429e+00,1.567555733008009433e+00
-1.586620096798290191e+00,3.412395402335675954e+00
3.893398694364563539e+00,-4.300305901134034769e+00
-6.649597940563234388e-01,-1.994570690121348910e+00
1.268274258937552190e+00,-3.089940345820263445e+00
1.529609141243054360e+00,3.074854134282849927e+00
3.089339396332807297e+00,-4.979826240218480748e+00
-4.447357766341851537e+00,-2.363873082933620751e+00
7.611847107308769012e-01,-4.623185779933898232e+00
-4.162022967566943343e+00,2.678286858801216752e+00
-1.922599093032524742e+00,4.494686514216624573e+00
3.504402679081724870e+00,-1.308513094179290626e+00
2.176616529629527008e+00,2.001527814129538285e+00
-2.565120121743575510e+00,-2.671753530478831351e+00
4.217612357399806555e+00,1.101430744823812091e+00
4.465392895311614652e+00,-2.325182519495263112e+00
4.764427494105166971e+00,1.785583407561489366e+00
-3.926726114653789068e+00,3.679410109497922576e+00
3.360751916438173836e-01,-1.639748520217563232e+00
-3.393098737482322047e+00,-6.927523202531569169e-01
2.710048281198888631e+00,3.771721579549733860e-01
-2.062769952717700583e+00,-3.869459034229656424e-01
2.487935876407222580e+00,-3.493320016341221024e+00
2.457168680103968050e+00,-1.569510947617831054e+00
5.000000000000000000e+00,-5.000000000000000000e+00
5.000000000000000000e+00,-3.778598946596150032e+00
5.000000000000000000e+00,-5.000000000000000000e+00
5.000000000000000000e+00,-2.062337772330925745e+00
4.431345224739535738e-01,3.686968665734955408e-01
8.453371356900696298e-02,4.397046039181473631e-01
1.222892979140517866e+00,-3.473474112957966042e-01
1.066330170574572911e+00,-2.179080657582872504e-01
8.643942914356763652e-01,-1.140465612430814346e-01
2.554628130425284915e+00,-5.899794653605443528e-01
-3.024937815970298871e-01,7.793347932335414896e-01
2.930019482806585529e+00,-5.000000000000000000e+00
2.192959606180240328e+00,-2.105064988920171576e+00
2.274016245122856716e+00,-2.410186038025186495e+00
1.247572076516600070e+00,-4.783041336163158519e-01
1.350089763736797899e+00,-3.856304938369792268e-01
1.268019120296791868e+00,-5.170763933372422017e-01
1.243802638916177372e+00,-5.031356902905139705e-01
1.321753772881138822e+00,-5.841679065953409022e-01
1.294388266747698246e+00,-5.213356195460736586e-01
1.286473483201423740e+00,-5.393785024239612369e-01
1.237071594978211841e+00,-6.095536728766344226e-01
1.239806163534992400e+00,-5.739343480749976578e-01
1.341417526543789762e+00,-5.724087585717940740e-01
1.313511780559721842e+00,-5.917362271129302798e-01
1.181240185325961534e+00,-5.068297843617646237e-01
1.357202287316888523e+00,-5.440885504426127284e-01
1.218046499092135804e+00,-3.067471832987340719e-01
1.376209580905194407e+00,-5.410701738593335364e-01
1.384297014022116912e+00,-5.875780945509676556e-01
1.389073025633075886e+00,-5.327281777161321230e-01
1.302803158119175464e+00,-6.003650306825374372e-01
1.348112533733293539e+00,-6.272022315792433744e-01
1.304261039848125137e+00,-6.245064302731737627e-01
1.393029545191060592e+00,-6.804763598434941940e-01
1.399919912069797157e+00,-6.959436596326042945e-01
1.302087799320368333e+00,-6.955439680560608906e-01
1.369353299877805519e+00,-6.791754911918621573e-01
1.438235842001629905e+00,-5.958286665750982536e-01
1.366175910164487917e+00,-6.993657614860051552e-01
1.393973871070731896e+00,-6.207491482427265339e-01
1.156326410101501168e+00,-4.396135778837493291e-01
1.390416442527745211e+00,-6.000951233104521165e-01
1.373262747940637851e+00,-6.311082376371759395e-01
1.439072858025255641e+00,-5.616918579776335463e-01
1.177757864520000197e+00,-4.744399001053150045e-01
1.404300472889445039e+00,-7.038658838379232563e-01
1.203706929183121943e+00,-4.489432170453619975e-01
1.196176644698776492e+00,-3.797193088482817558e-01
1.369509750594302133e+00,-6.359987948266834223e-01
1.420644624245950283e+00,-6.543096826680567801e-01
1.367244282920846210e+00,-6.627635036500079124e-01
1.255454169687691746e+00,-6.188051176832196631e-01
1.248890206046725737e+00,-6.422118330412303067e-01
1.187309791259042235e+00,-5.238260928106450720e-01
1.386014451359875999e+00,-6.743622631039034587e-01
1.479913965479365601e+00,-6.468509066401404439e-01
1.338065185621903019e+00,-6.864704526340972279e-01
1.355560807208851415e+00,-7.048979929506486997e-01
1.444194921554996291e+00,-7.115218282238364722e-01
1.510367493076548939e+00,-6.994291150005773616e-01
1.458656350255473910e+00,-7.737697901900686404e-01
1.467005434532040908e+00,-6.917157858400866388e-01
1.427349488538899536e+00,-7.397052790506730702e-01
1.461537213210553077e+00,-7.420253302141333052e-01
1.427153724518408495e+00,-7.751421638444098150e-01
1.307122790853428640e+00,-6.827914603761353618e-01
1.448488433875163572e+00,-6.754120775943581734e-01
1.445080408976414432e+00,-6.589639193887162349e-01
1.431032078668458496e+00,-7.358392642764606251e-01
1.455477349961540767e+00,-6.482224266746037245e-01
1.301110091183687700e+00,-6.756432536362479979e-01
1.325646705523898738e+00,-4.450018455523165883e-01
1.490188879355139662e+00,-5.657788804798178361e-01
1.508815784104732494e+00,-6.157014568580123637e-01
1.339800306671885544e+00,-4.948483924689579538e-01
1.255853142020885826e+00,-4.019321792406032046e-01
1.272870614354124186e+00,-4.724826555666687966e-01
1.304789279617053488e+00,-4.754306924237114984e-01
1.433834724446944264e+00,-4.623396233349650331e-01
1.382867852685216725e+00,-4.415159895143982993e-01
1.277197345818978924e+00,-4.285612406682757225e-01
1.452570242532186029e+00,-6.174893243083632299e-01
1.383278260590040887e+00,-4.984817848111910976e-01
1.459456522664090983e+00,-6.470388310717911651e-01
1.426184110082666656e+00,-7.289071732634386791e-01
1.381325797609092021e+00,-4.567708116415349906e-01
1.464344270882685706e+00,-6.945936208975602710e-01
1.273438730932855201e+00,-3.805636855922402972e-01
1.318943533891947517e+00,-4.116656744030509074e-01
1.469626823575156394e+00,-6.928338458204912342e-01
1.207786946746089995e+00,-4.432871018683659514e-01
1.347216222683096376e+00,-6.790194490364651614e-01
1.271798465225822738e+00,-5.495334648736029948e-01
1.271161560769908938e+00,-4.084710882815523192e-01
1.225132922445679284e+00,-4.416983563560306081e-01
1.487316375348126662e+00,-6.250541691486697360e-01
1.435014840520871360e+00,-4.774201611754804730e-01
1.468800843167280767e+00,-6.666586651070884884e-01
1.315892071005238861e+00,-4.327627847893600332e-01
1.507971531858080638e+00,-5.769832186341510294e-01
1.507576593539543097e+00,-7.385062907426771517e-01
1.464676010078682644e+00,-7.870968301112224452e-01
1.531939089749022820e+00,-5.714075767214641388e-01
1.557897622037398122e+00,-7.297284781894797234e-01
1.473549164543490164e+00,-5.649693002000208963e-01
1.505443377479048550e+00,-5.922589041903769669e-01
1.504490670148745934e+00,-6.283039729067230184e-01
1.484347895064233036e+00,-5.380610236738103680e-01
1.488156437850250313e+00,-6.162617785842563478e-01
1.356369915874282128e+00,-4.343446853621593107e-01
1.619004382298077971e+00,-7.482065185612229996e-01
1.503087668575330049e+00,-6.700479774480250228e-01
1.558235024819345504e+00,-6.693455482640437992e-01
1.503279440787570920e+00,-8.133789854043849132e-01
1.414664642247227988e+00,-5.028786043979085463e-01
1.431521931677544934e+00,-7.071293541830598883e-01
1.425378380840840009e+00,-7.186916556800397871e-01
1.484967105868001624e+00,-7.175707371453761141e-01
1.621465503149410736e+00,-7.470262539906160626e-01
1.531394943791982044e+00,-6.858768599244733366e-01
1.234944918780155554e+00,-4.996578606901049824e-01
1.365869428108856809e+00,-4.273682585990110638e-01
1.199026425033348886e+00,-5.290539372607439006e-01
1.346321223673387912e+00,-6.878456690008585284e-01
1.234844985806480722e+00,-5.483999407677782045e-01
1.272978243733734693e+00,-5.283695315553069705e-01
1.240569438480564557e+00,-4.800871699708784135e-01
1.198936589626221405e+00,-5.147544925430080909e-01
1.241745980321507403e+00,-5.171887898545710627e-01
1.224724950358407227e+00,-4.261876227380714255e-01
1.140228839390847959e+00,-4.523927804504808137e-01
1.161685415248618902e+00,-4.301360481303238004e-01
1.243705347278155848e+00,-6.177389114376126145e-01
1.187756447614210842e+00,-5.232420061729845528e-01
1.290762350311286610e+00,-4.646519704021923047e-01
1.304254377941715504e+00,-6.530419561573408416e-01
1.467373086515838310e+00,-7.362605776839892258e-01
1.305461194930334301e+00,-6.505346491648662521e-01
1.535180740148451406e+00,-7.662169270747867245e-01
1.445036116451947628e+00,-7.789604831991470135e-01
1.459138090878083105e+00,-7.438950056859514604e-01
1.457061662188094076e+00,-7.857737059257132728e-01
1.545139881716846020e+00,-7.844656888202381495e-01
1.433388185307357787e+00,-7.806443517753836048e-01
1.562135969006863689e+00,-8.875986368880486310e-01
1.563254980005321038e+00,-8.729545936862059818e-01
1.527986997707699857e+00,-8.379191555617007126e-01
1.587871677499240519e+00,-7.948617211241639779e-01
1.420189578159226862e+00,-8.044934592288441877e-01
1.390623264839647710e+00,-8.041194895365535444e-01
1.475016528202042210e+00,-7.362168669060311643e-01
1.320824575389720756e+00,-7.343629802617170910e-01
1.506814848323191569e+00,-8.445895114849220064e-01
1.267571039822979806e+00,-7.227312660459137561e-01
1.352176080145055082e+00,-7.746861000764901917e-01
1.440964640273076469e+00,-7.363354890897610971e-01
1.246142808156656123e+00,-7.223268562048552610e-01
1.298680176423344435e+00,-7.650579345565144962e-01
1.229947695705146060e+00,-7.177130509252993562e-01
1.261100138319274144e+00,-6.758685587645727466e-01
1.444355677111829550e+00,-7.026671231371572901e-01
1.211892136726478775e+00,-6.268089979720450344e-01
1.315517065903436311e+00,-8.047274584234092032e-01
1.360666810892535494e+00,-7.551316541034971408e-01
1.472737801710012562e+00,-7.913819146278635586e-01
1.389208080300204706e+00,-8.753435350840153006e-01
1.452964298080303251e+00,-8.140132945296496558e-01
1.213498745859469707e+00,-5.833753265270118504e-01
1.360193286067929108e+00,-7.678802259729602397e-01
1.441912095516777015e+00,-8.230283548752908018e-01
1.270344715791498658e+00,-5.605576750999414770e-01
1.258173412769866495e+00,-5.535692525372661876e-01
1.334124425603873121e+00,-7.261846418246085122e-01
1.217613742996073611e+00,-6.173237402597386847e-01
1.174075925752093852e+00,-5.425004062824001494e-01
1.214940269947528684e+00,-4.881299182488527677e-01
1.172625479645147628e+00,-5.081923673749084713e-01
1.156645432038619248e+00,-5.214720006217712367e-01
1.164349749563883485e+00,-5.115817964202875601e-01
1.126204742386221369e+00,-4.327430455717973246e-01
1.133856982449188422e+00,-5.424547922344622464e-01
1.138943326412515944e+00,-4.951512958077950444e-01
1.118879695689612319e+00,-4.709646757637777625e-01
1.149720456228467746e+00,-4.172761397113404769e-01
1.016818683847599658e+00,-4.022230666023549617e-01
1.003859937896582011e+00,-4.246143431906155286e-01
1.043059200735473979e+00,-4.572140129008150922e-01
1.005844504735399880e+00,-3.879965988934683807e-01
9.941869629657347218e-01,-3.640105319388737826e-01
8.631831298692116405e-01,-3.495392513130477496e-01
8.328015530166723579e-01,-2.629434112141133539e-01
1.041290278468980368e+00,-2.702665974375006996e-01
1.010923425195612069e+00,-3.398362215628605298e-01
9.383963495984346537e-01,-2.632622567549089965e-01
8.953323824712260404e-01,-2.493977581743456184e-01
9.404429748532807665e-01,-3.928216347091169069e-01
8.346480627545123099e-01,-1.626900809447606733e-01
9.075978141872216298e-01,-2.650783891370167566e-01
7.947568697573377250e-01,-2.360763748772010118e-01
9.369996645859881568e-01,-3.965482229374757139e-01
1.045973880696183578e+00,-3.679928446178113433e-01
9.660269612894447633e-01,-4.611748231919845509e-01
9.203738013609905622e-01,-4.794359539015422556e-01
8.870899086078267715e-01,-3.221399174549430811e-01
8.154878225989943274e-01,-2.883499777842954970e-01
8.735513865607664741e-01,-3.170635006770048392e-01
8.667260366999940402e-01,-3.598026307086588105e-01
8.494711432766033354e-01,-2.798521160385760709e-01
8.646661192466895685e-01,-3.525383703791487022e-01
9.204583360727269792e-01,-4.701647193486095944e-01
9.722063789916379761e-01,-3.550017144206254471e-01
9.181002756905449758e-01,-4.723929451580097805e-01
9.519436617771734888e-01,-5.084746287297274847e-01
1.008202060674294742e+00,-2.919991810897126783e-01
9.667816462450744552e-01,-3.247401185620937270e-01
9.538169557802467224e-01,-2.721511158912566231e-01
9.604509704679422555e-01,-2.855729802911408655e-01
9.211148280371661556e-01,-2.700678614427722835e-01
8.702792248330313285e-01,-3.315191000458792558e-01
9.125643717216833650e-01,-3.147195786837428955e-01
1.004325136065493673e+00,-2.514904179680508278e-01
9.105791174419781697e-01,-2.381555915033377602e-01
9.473660931721088474e-01,-3.506147706728750535e-01
9.718839739879969741e-01,-4.573815737575550600e-01
1.080877377158548924e+00,-3.795700786296807294e-01
9.957855748949455688e-01,-3.174686999201572490e-01
1.086831729629953003e+00,-5.120899116922084104e-01
1.194760138595853505e+00,-3.750532577799239320e-01
1.023161813519245733e+00,-3.426013010908235401e-01
1.082280774293514547e+00,-3.724891616225285418e-01
9.800004545062632744e-01,-3.302332103475968950e-01
1.017022284758652972e+00,-3.469083480699621802e-01
9.968674566492072842e-01,-4.326275863686355194e-01
1.007386159137487525e+00,-2.971275648239721789e-01
9.989818178044931329e-01,-2.557883812343302310e-01
9.058132927726223471e-01,-2.312779519086554103e-01
9.286434741243754232e-01,-2.345985690757368403e-01
1.011879581328062550e+00,-2.305049713245317378e-01
8.640831740253593907e-01,-3.238698803735537979e-01
1.008574336852369413e+00,-1.843259854355450145e-01
9.573730410385730139e-01,-2.429794430156331231e-01
1.051763702494240782e+00,-3.534341569642300840e-01
1.075256510086912698e+00,-2.756792693064999966e-01
9.197847330758825990e-01,-3.483911958252461361e-01
1.011056205040218536e+00,-2.824613206693786793e-01
8.715078558815934073e-01,-1.743237007754894208e-01
8.791000927547933941e-01,-2.186555951510547047e-01
8.652823210016844513e-01,-2.011268972497850527e-01
9.654140322767768012e-01,-1.378605665664629498e-01
8.535513029259842455e-01,-1.296195209708947971e-01
8.531362692513511092e-01,-2.147695138342253784e-01
9.297078110253167438e-01,-1.786065432802539377e-01
8.678097541129767833e-01,-1.523076942751835361e-01
1.060710804019700859e+00,-2.421815707271699480e-01
9.743985963728203359e-01,-2.751813003238599009e-01
1.041166293421566635e+00,-2.309506217707593123e-01
9.216205328198601165e-01,-1.784379480132152196e-01
8.874944685220009788e-01,-3.239041509428641774e-01
9.084451487789273472e-01,-2.656081584196510192e-01
9.638520111110402411e-01,-3.694122039971468041e-01
9.965928252150471067e-01,-2.448950996296979099e-01
1.133752167268587741e+00,-3.361286347335790126e-01
9.285869346095765309e-01,-2.246494901832143398e-01
1.008229649427598851e+00,-2.407775190417869027e-01
8.618069043480076630e-01,-2.175863518062470803e-01
1.138320262653039983e+00,-3.012552412752853570e-01
1.016502911129911979e+00,-2.883806021924195662e-01
9.316981171338358791e-01,-2.643714654223892069e-01
-1.501298114279288054e+00,-1.755005973274990083e+00
1.930142961311691607e+00,1.254370446710426634e+00
4.917811913690862013e+00,3.052980289757620369e+00
3.053489895001145982e+00,1.412948184625198778e+00
4.161660616314616590e+00,-4.213169674663808983e+00
2.527999902320900993e+00,-4.633902713553023744e+00
-2.507940673814688548e+00,6.079355051468491311e-01
1.035620544558013556e+00,4.412253575803571692e+00
-4.661493531150656011e+00,4.018470277033456384e+00
-4.228709341240383779e+00,-1.066219739130492172e+00
2.319300302331274821e+00,-2.292061217220419778e+00
-1.921750399127547304e+00,4.956511664551417340e+00
-4.909686252411879614e+00,-2.453078849854026799e-01
2.957225328626673644e-01,1.803755963705540921e+00
-7.220307765317324211e-01,-3.764138787266405828e+00
-3.035713734548339371e+00,-3.334327665035653254e+00
-1.306746553016625789e+00,3.826208310115969624e+00
5.239689139945413743e-01,2.881932458151337251e+00
-2.699560565986949712e+00,-6.075061502149257109e-01
-3.779566053449273433e+00,2.611167449498569049e+00
-3.368955958517126259e+00,-4.905553852013553318e+00
2.792118452113825811e+00,-3.202812197897277002e+00
3.520914948462166905e+00,3.013273700656071696e-04
-5.559705846607689850e-01,2.164903382732240367e+00
-2.093826797592430733e+00,-2.782233845108844417e+00
4.479456389101384772e+00,-1.498435053279102647e+00
3.687135446030357144e+00,-2.649701849114100227e+00
9.170120297868189496e-01,9.377217917040230333e-01
1.602150307420849629e+00,3.345781125163176384e+00
-1.581855433961569801e-01,-7.973719756207815479e-01
-1.297247813788457993e+00,3.839349164046646834e+00
-1.895840509982383182e+00,4.701458321488187764e+00
-1.894132896289148604e+00,4.974755070780380706e+00
-1.862253216089462704e+00,4.838672464960190212e+00
-1.838246764739374761e+00,4.709466579536625730e+00
-2.010353212195609807e+00,4.998128486608774068e+00
-2.038682008485534602e+00,4.829120579555377546e+00
-1.784621060187629560e+00,4.668482593717582674e+00
-1.775118726200297203e+00,4.367945266976921204e+00
-1.889725212371129892e+00,4.797923459936345836e+00
-1.800169033432581056e+00,4.706026858684840164e+00
-1.909528403682269726e+00,4.888591504442926450e+00
-1.643382097564603406e+00,4.380547689747389839e+00
-1.746624378854706894e+00,4.267691153874636711e+00
-1.857583441189112783e+00,4.767786698348135843e+00
-1.778283754354706314e+00,4.661726717484102167e+00
-1.654500896671689425e+00,4.228947381528145755e+00
-1.929576268907728487e+00,4.887244457764952088e+00
-2.099018423152610335e+00,4.867074535878783692e+00
-2.194836832877369748e+00,4.922487383608554978e+00
-2.318293385876945667e+00,4.980007350142653166e+00
-2.749022665531149379e+00,4.968356280693868143e+00
-2.939767001076398323e+00,4.964587416989592938e+00
-2.943440195632518019e+00,4.992052689781674601e+00
-2.757894259475010657e+00,4.926660462345399338e+00
-2.640569211007271377e+00,4.962541298593174943e+00
-2.703512692221791802e+00,4.988971545414798925e+00
-2.716863898335213801e+00,4.954193153124101912e+00
-2.432015473493272406e+00,4.917523473328071049e+00
-2.576960697476858186e+00,4.989186449300628823e+00
-2.365042610592707373e+00,4.974475570786387024e+00
-2.625801669082441947e+00,4.968022128762974887e+00
-2.540871133089323664e+00,4.951223708386571332e+00
-2.599497829189742593e+00,4.868301213609528943e+00
-2.359961303469467087e+00,4.986645368849679016e+00
-1.968029854983775362e+00,4.896709323675832337e+00
-1.991149798068665877e+00,4.938642828726084844e+00
-2.327398245347416683e+00,4.981558260918477643e+00
-1.912945268714127511e+00,4.789014604687416465e+00
-1.942770866862253865e+00,4.968166361138329989e+00
-1.796136866090601192e+00,4.921061040190831903e+00
-1.963270404838985517e+00,4.942382265645345996e+00
-2.018711502470100339e+00,4.560651565915431860e+00
-1.931113204964996388e+00,4.493034994259334169e+00
-1.856010512309947291e+00,4.403466003846823185e+00
-2.003699163638674285e+00,4.959238906109050049e+00
-2.223401379266622513e+00,4.996092924459262008e+00
-2.120787030474740487e+00,4.993315734463232403e+00
-1.935603621008795017e+00,4.594342109793796425e+00
-2.058634469589295080e+00,4.969073838740222016e+00
-2.132667373135270328e+00,4.572938806402355283e+00
-2.164531723392984386e+00,4.915095579948772553e+00
-2.048975599210919984e+00,4.531035063984550249e+00
-1.821515169195451644e+00,4.166954843666172081e+00
-1.603474014845672091e+00,3.789727608747583076e+00
-1.715285979093834179e+00,3.900595920105216052e+00
-1.775350326115769484e+00,3.696652268982777656e+00
-1.561829652834108462e+00,3.218126212244680318e+00
-1.631103670854346266e+00,3.191251045010812248e+00
-1.569016404161104994e+00,3.310675578931002505e+00
-1.574172796966987864e+00,3.129448279842044656e+00
-1.647242597293658406e+00,3.315811657579143201e+00
-1.600498619609211470e+00,3.532251100529567367e+00
-1.728675341946695365e+00,3.475274065926715394e+00
-1.696688706051265427e+00,3.357016897575404002e+00
-1.572658902986849405e+00,3.247359878706467029e+00
-1.678878395004265833e+00,3.506568989461447572e+00
-1.744144283592217626e+00,3.548487417732422600e+00
-1.804370873713128542e+00,3.459488036559431379e+00
-1.658886412255557552e+00,3.301859886641036468e+00
-1.685376824036001864e+00,3.350248244158629873e+00
-1.707667270715170105e+00,3.377425936464216960e+00
-1.718012800940698526e+00,3.250413292381495012e+00
-1.767049623932371194e+00,3.399857166965265520e+00
-1.629730134196174962e+00,3.203251672221085755e+00
-1.751279946998236969e+00,3.302598717478804957e+00
-1.631230378632153144e+00,3.299261168717134041e+00
-1.750775263330488940e+00,3.178601853428688173e+00
-1.836633195512986205e+00,3.131926481172293109e+00
-1.616381103297157118e+00,3.092602756933626296e+00
-1.760805973755573017e+00,3.138048665670517323e+00
-1.650680607826499724e+00,3.196085866255458541e+00
-1.520626543077256532e+00,3.179763296007049433e+00
-1.799244075698322565e+00,3.372675495620354624e+00
-1.848844250555496505e+00,3.450876416418793724e+00
-1.846261836797856049e+00,3.316886686067832102e+00
-1.951469737457637965e+00,3.314792627530620095e+00
-1.489600540404476980e+00,3.440434705740928578e+00
-1.625546689719046700e+00,3.506202024782410831e+00
-1.617998149281926867e+00,3.405682378705515490e+00
-1.579053518806192269e+00,3.505028987019414899e+00
-1.650293606708849836e+00,3.416007796846280087e+00
-1.626396503615437528e+00,3.491162489001871094e+00
-1.537529868875117778e+00,3.377125587246228022e+00
-1.355978717543613765e+00,3.386287127631790739e+00
-1.393257629253521035e+00,3.292137635748362712e+00
-1.348657431061484502e+00,3.189177328490611529e+00
-1.352246544920899129e+00,3.361541671526854458e+00
-1.272440592136257376e+00,3.208198939634707259e+00
-1.389950648578913039e+00,3.392600889968488076e+00
-1.387869055248962091e+00,3.336558618545289789e+00
-1.323490744875571057e+00,3.211153397082650685e+00
-1.404049832142139742e+00,3.196727198372297352e+00
-1.388844048214920690e+00,3.174159354302982905e+00
-1.239567726346764154e+00,3.199229651403724617e+00
-1.305241719425686675e+00,3.128381135454880280e+00
-1.243172644194616705e+00,3.206616502889856335e+00
-1.244825848259070167e+00,3.219369507401781405e+00
-1.304660127369392963e+00,3.156215402158741412e+00
-1.321488782637956660e+00,3.318387264124250891e+00
-1.412963874345592341e+00,3.068022140406968745e+00
-1.297634707819632194e+00,3.080596918903022896e+00
-1.286808950333977020e+00,3.217610184289389608e+00
-1.299907512998077941e+00,3.203573435827220095e+00
-1.365944575675525741e+00,3.357477955070638842e+00
-1.580029692961010923e+00,3.268299759278344041e+00
-1.437465716428000917e+00,3.391965833859485357e+00
-1.559117681357770735e+00,3.318116269915561745e+00
-1.516303500959253370e+00,3.160259904210223070e+00
-1.390014433382483094e+00,3.271006528378554989e+00
-1.468474102553014138e+00,3.409024160142813287e+00
-1.479716186906945730e+00,3.192655624013271520e+00
-1.532372948680438718e+00,3.264808656124902342e+00
-1.502588016286721562e+00,3.320206918171384913e+00
-1.536384427701884103e+00,3.306238621357060481e+00
-1.444298887537422527e+00,3.437066362317924728e+00
-1.606115332214803182e+00,3.300165593141999310e+00
-1.615638975057703153e+00,3.344944805176707447e+00
-1.634160885439717603e+00,3.417296291202383429e+00
-1.660726512222179707e+00,3.378510770379746120e+00
-1.547184562113089079e+00,3.312371488267798370e+00
-1.611618305484073144e+00,3.405621527344242949e+00
-1.507109117548819821e+00,3.314518434572388372e+00
-1.490282352162127122e+00,3.353853372645087205e+00
-1.596519845575958385e+00,3.308499246867448562e+00
-1.780344037453731154e+00,3.629354340435536841e+00
-1.511937793194042090e+00,3.476726482015632058e+00
-1.444347978973769653e+00,3.349987007442322806e+00
-1.376021655348588890e+00,3.376543046776040669e+00
-1.373619842546449199e+00,3.328627529057744283e+00
-1.378484671723012145e+00,3.445509367081282193e+00
-1.277770185578461337e+00,3.373974957954345655e+00
-1.349464229974873142e+00,3.260720561518514415e+00
-1.485048907571331789e+00,3.454918194743720861e+00
-1.441014658518124492e+00,3.410407440644462440e+00
-1.456401287617525409e+00,3.547825427996393444e+00
-1.419179534698485234e+00,3.392463758281298425e+00
-1.400605549851226428e+00,3.393484673861305367e+00
-1.405266394935237972e+00,3.497428323446280629e+00
-1.385695616592995005e+00,3.389894200757913367e+00
-1.384203742791893621e+00,3.493140740227417496e+00
-1.428781376690129612e+00,3.511493692934008592e+00
-1.378912722184019835e+00,3.468835386777866958e+00
-1.359409623821062230e+00,3.414663495813021754e+00
-1.377729449724804489e+00,3.442471937158682493e+00
-1.336133888589116747e+00,3.454680034790420962e+00
-1.428972240598555654e+00,3.402168265829379479e+00
-1.386480551055780275e+00,3.370452545836499780e+00
-1.457889588460361985e+00,3.465696892950369090e+00
-1.451955659102773133e+00,3.492303225286811141e+00
-1.406014980796453262e+00,3.372450396935477102e+00
-1.501157740949074615e+00,3.420145770470577773e+00
-1.447578987911139592e+00,3.374030233591478023e+00
-1.516094946088862194e+00,3.406997990811081678e+00
-1.460557513808908414e+00,3.518903067452031408e+00
-1.512338663114622506e+00,3.446665563194095228e+00
-1.615700873108317115e+00,3.416462232275286226e+00
-1.494349627631945232e+00,3.390363205622819009e+00
-1.613601701855147841e+00,3.473680016855794861e+00
-1.702768904823918739e+00,3.563210513682701475e+00
-1.704090485702090429e+00,3.460568907702869623e+00
-1.662184473013339936e+00,3.567696315675313201e+00
-1.717064479366907204e+00,3.541481080615218602e+00
-1.720953989342433488e+00,3.518140948755599240e+00
-1.689483776367879830e+00,3.555135596864953840e+00
-1.764189556092134570e+00,3.549019660794014541e+00
-1.491807241122760530e+00,3.517540911115952795e+00
-1.515466792981865929e+00,3.483530041509947495e+00
-1.665708997891459209e+00,3.615880068652463919e+00
-1.535505463709018859e+00,3.560973243614910189e+00
-1.679386816869707477e+00,3.557662733067989080e+00
-1.718525014472316759e+00,3.496764524128536777e+00
-1.678274173984031670e+00,3.549233247309260264e+00
-1.479002845626331997e+00,3.577539172718628535e+00
-1.482859978266321654e+00,3.607251839521232739e+00
-1.491217751144283010e+00,3.450043361654909546e+00
-1.513698753972901212e+00,3.714504497769459235e+00
-1.522753449159308214e+00,3.513379735227776024e+00
-1.465138018563172828e+00,3.622785030639992243e+00
-1.446466327204832147e+00,3.537736209290011757e+00
-1.448713762558475171e+00,3.511376308491881204e+00
-1.455126855625727522e+00,3.596337685108299098e+00
-1.415925701668730330e+00,3.627143806832538786e+00
-1.385039443508185197e+00,3.706677303121859168e+00
-1.321579836985852907e+00,3.545997353549893205e+00
-1.465553229084624487e+00,3.697784592280093818e+00
-1.381857270001225935e+00,3.460944005578539873e+00
-1.390654028120472230e+00,3.462832374024765514e+00
-1.374943724909820197e+00,3.479075938689458525e+00
-1.406245172957682588e+00,3.535131236692420131e+00
-1.399091039198057551e+00,3.473728974309317152e+00
-1.408580029365200215e+00,3.649595020849242033e+00
-1.394699860709395889e+00,3.475358991281590093e+00
-1.420536568573885106e+00,3.523614295369490890e+00
-1.425740564158642254e+00,3.657540150600571138e+00
-1.487242354359095575e+00,3.510338745727585419e+00
-1.405734118185130832e+00,3.500187282918922449e+00
-1.485631660790139197e+00,3.549431650375819203e+00
-1.355772371002523347e+00,3.374396595520822828e+00
-1.378561002038632299e+00,3.590307037669104417e+00
-1.390376272006564218e+00,3.569399693579104138e+00
-1.440407077787720258e+00,3.527742940602013988e+00
-1.473321473924018132e+00,3.555784665923841459e+00
-1.514394265328474098e+00,3.545738105602616486e+00
-1.424098427581563353e+00,3.634285941365787309e+00
-1.486201560688595436e+00,3.555220562044439703e+00
-1.443500830865344753e+00,3.518764308194800350e+00
-1.523082363293173813e+00,3.512910157159915059e+00
-1.502271530763656493e+00,3.592615363633935743e+00
-1.458621955744015430e+00,3.591843811623663285e+00
-1.469457390165103572e+00,3.544217740306853770e+00
-1.490485476596786096e+00,3.524254086646877226e+00
-1.407187116728514820e+00,3.720103798479316382e+00
-1.525043688138369546e+00,3.551868407681546103e+00
-1.380627221406734328e+00,3.470368430138101701e+00
-1.495623520830229758e+00,3.521808332099984895e+00
-1.470670065572639462e+00,3.559995676111135765e+00
-1.515589889439795002e+00,3.593848405173506677e+00
-1.503771722641928488e+00,3.528237807569453821e+00
-1.461041417180056090e+00,3.541484152342899705e+00
-1.579052075459883131e+00,3.616977482152222478e+00
-1.480260643272777621e+00,3.477739040746680388e+00
-1.589012885720497259e+00,3.610578216770962356e+00
-1.473241045489319223e+00,3.492097168072778146e+00
-1.537072939804311034e+00,3.586598324243263747e+00
-1.503906219463945870e+00,3.559916176860207671e+00
-1.449702950847309602e+00,3.499780329718383598e+00
-1.469614279994766903e+00,3.536540329618322431e+00
-1.541897824853937671e+00,3.505491523129188991e+00
-1.495124682558672369e+00,3.404912951429651002e+00
-1.541513644086955459e+00,3.557361320141415817e+00
-1.552046518728427582e+00,3.551777613975117376e+00
-1.501549469831115591e+00,3.490364834571694885e+00
-1.503254601506723187e+00,3.529292856647208154e+00
-1.467671282358553153e+00,3.514487929900131036e+00
-1.517463551824426826e+00,3.567771673976878333e+00
-1.457295373668385352e+00,3.497788125801768899e+00
-1.495832541876713329e+00,3.480671440499106595e+00
-1.607555415704625013e+00,3.569979835366156706e+00
-1.566541647127355663e+00,3.478766721186266508e+00
-1.481591753117326604e+00,3.492658619086919103e+00
-1.526274560988513773e+00,3.407160668443667717e+00
-1.523900147420827356e+00,3.485620798094691608e+00
-1.538605697929150029e+00,3.493779968822002147e+00
-1.482360675947449025e+00,3.492934136643778942e+00
-1.566658921506804525e+00,3.444537792678373123e+00
-1.497014557786004563e+00,3.457882857455677694e+00
-1.526031016912843707e+00,3.486008577129908304e+00
-1.565240921879767377e+00,3.468510090767720655e+00
-1.531362940256034033e+00,3.462336649071119155e+00
-1.545878474162994287e+00,3.604298354780482327e+00
-1.519727859205142639e+00,3.548519844595013240e+00
-1.550752662313162222e+00,3.553479169617023814e+00
-1.524141132749910366e+00,3.543894114956906094e+00
-1.576956026131517863e+00,3.496067665156385118e+00
-1.538933841886242604e+00,3.502427254841233406e+00
-1.563225636531715868e+00,3.544249224950036137e+00
-1.555574567270691766e+00,3.453652546179050375e+00
-1.538837786083819381e+00,3.557625013706470440e+00
-1.525439158996979128e+00,3.460985458278365456e+00
-2.336305512998553269e+00,-1.388108324930277249e+00
-5.176443909927952447e-01,-7.071232672420224574e-01
-4.232111810170447797e+00,4.452964803309532371e+00
-2.215855364398000127e+00,-4.718819814513113720e+00
-2.900173589624605697e+00,2.973270267122964938e-01
-1.505360776970895209e+00,3.917271196661983979e+00
-4.629563682062946661e+00,5.336233050613312656e-01
4.924055137807222593e+00,4.730179375499611538e+00
3.384247729399639582e+00,-2.731485433699607945e+00
2.395045708606966528e-01,-3.834681843566855264e+00
-3.855130669520228981e+00,-3.438541954150010405e+00
-3.821542740346384193e-02,2.229990519437015983e+00
3.112138251917373921e+00,-6.649671347980143921e-01
2.588252403867996598e+00,1.246490381013080295e+00
7.446238014175152742e-01,7.758931747545716462e-01
1.561976063634781475e+00,3.423946250949359893e+00
-3.211996716286734888e+00,-2.076032385423569604e+00
4.600551003626014435e+00,2.339963892569667081e+00
-3.429461241386324577e+00,1.684255024192992778e+00
4.484170565725245083e-01,3.122679185954382319e+00
2.719959586601521373e+00,-4.633038462471290586e+00
2.259999510784772347e+00,4.287060167109220998e+00
-1.259385435251152430e+00,2.669025904456452380e+00
1.270844277208938777e+00,-3.069141164872073446e+00
1.920965454290084473e+00,-1.947301126463756749e+00
3.694031256889168446e+00,1.424040639718786139e+00
4.194739474145460889e+00,-1.282924833718735336e+00
-4.780995074020652602e+00,-2.447378439827709418e+00
-7.848595399198385891e-01,-4.037161802625715445e+00
-1.707281883958318147e+00,-3.216423078749395259e-01
-5.000000000000000000e+00,5.000000000000000000e+00
-3.025488055460581194e+00,5.000000000000000000e+00
-2.964780348662658938e-01,1.079113538352661550e+00
5.000000000000000000e+00,-5.000000000000000000e+00
1.164208774651776857e+00,-2.190716677037762850e-02
5.000000000000000000e+00,-5.000000000000000000e+00
1.139916483791747481e+00,3.847982400804195180e-02
1.142908583520222621e+00,5.471373026961234842e-02
-5.000000000000000000e+00,5.000000000000000000e+00
-5.000000000000000000e+00,5.000000000000000000e+00
-1.853319172134853421e+00,5.000000000000000000e+00
-5.000000000000000000e+00,3.113930895466994642e+00
-1.289189095934368368e+00,2.098422517854537261e+00
2.736694002792248170e+00,-5.000000000000000000e+00
5.000000000000000000e+00,-5.000000000000000000e+00
2.297889927543046440e+00,-1.788423734010187172e+00
1.059726861353573746e+00,3.400824864762652666e-01
1.097816795358451891e+00,2.700952891910137765e-01
8.723270259680413474e-01,5.698817856658742187e-01
7.680020039750150573e-01,5.415044752897966163e-01
7.844635618623314599e-01,6.608944235504079501e-01
7.376441648277323182e-01,7.306785340485824065e-01
8.593032689335711183e-01,6.529412428821492753e-01
1.124387278438008231e+00,1.752600439416651668e-01
1.295072981947881452e+00,-6.365908740923131859e-03
7.999698130052941281e-01,6.857460207790300188e-01
6.704232279775244052e-01,8.088428788987842566e-01
1.042518530146367084e+00,2.292835808401552100e-01
6.991936062797856621e-01,7.428029963024629367e-01
6.459000377262924530e-01,7.922355984337112744e-01
1.147931232419724168e+00,2.581712562475866335e-01
1.245236256501067729e-01,1.237518292439430567e+00
1.020745908416840209e-01,1.278159639878198917e+00
2.587189635851254721e+00,-2.626061368499141402e+00
2.657670695774245750e+00,-2.763478090012354116e+00
-5.000000000000000000e+00,5.000000000000000000e+00
1.722585709879895788e+00,-5.583491714634769565e-01
1.888083739925625615e+00,-9.562913502089269713e-01
2.079148107178021121e+00,-1.179647406724640746e+00
1.901038603500194490e+00,-9.420768494064182264e-01
1.827824303403900785e+00,-8.712571621351230533e-01
1.783197591812461624e+00,-7.319603360702924277e-01
2.497629666756129296e+00,-5.000000000000000000e+00
3.075213062563882715e+00,-4.906890162976774050e+00
2.444719363753826258e+00,-5.000000000000000000e+00
3.295829105950913274e+00,-4.984109537433738524e+00
3.204699817031173126e+00,-4.968861789169206844e+00
3.158378418446487146e+00,-4.994023346266033059e+00
3.379928786226631843e+00,-4.982280941074082925e+00
1.500938170755547141e+00,-3.280402440980179080e-01
1.412316848190285690e+00,-1.537697078697606301e-01
-4.914821816432734636e+00,4.801856193250156224e+00
-4.963645975354178397e+00,4.903122562660250594e+00
-4.901657686315084916e+00,4.775878634239205667e+00
-4.986036770232937343e+00,4.928075855764042501e+00
-4.136445970350601797e-01,1.713631411066907972e+00
-7.267751339910253350e-01,1.955031484452824486e+00
-8.762081692855971937e-01,2.044407963625824109e+00
-1.020330258959289083e+00,2.095181347040235842e+00
-8.371332393120418658e-01,2.073853874608858838e+00
-4.160048529741358081e-01,1.789987377522537670e+00
-4.205265622123537383e-01,1.701122128566989744e+00
-6.774532092924498983e-01,1.935420627597231658e+00
-3.569746195978797942e-01,1.721346223579041990e+00
-5.473342864482990677e-01,1.810494208582200670e+00
-5.874918943327989140e-01,1.797691258249306756e+00
-3.946891477299825368e-01,1.759346309627657590e+00
-2.887910616513913453e-01,1.643361132343023279e+00
-1.265113575501075616e-01,1.554774330290254802e+00
-3.127661008725590719e-01,1.685836261356441490e+00
-3.623851552056267522e-01,1.675933392185133819e+00
-4.912215366163685815e-01,1.820633066041734693e+00
-4.845722172225617186e-01,1.850269226611595208e+00
-4.893189928112740006e-01,1.786189422491811563e+00
-4.890641048769559518e-01,1.781857549545888375e+00
-3.844998576835934045e-01,1.859860526790875213e+00
-3.618857931212895451e-01,1.716950646267305203e+00
-3.303331054434357483e-01,1.749584050974598348e+00
-3.499726742291517922e-01,1.764255079334512644e+00
1.970605214440945829e-01,1.239611465861894857e+00
1.556426902130993994e-01,1.280803686532458130e+00
-2.788670192551165883e-01,1.582236632957468636e+00
3.062277319073283266e+00,-4.229715894356717243e+00
3.133501655889634918e+00,-4.120041803917413148e+00
3.077481331730137271e+00,-4.111586542098144115e+00
4.271256773939349216e-01,9.908373920487969500e-01
4.382293777043706484e-01,9.726851043539994635e-01
4.463330134796272830e-01,9.765476288038152930e-01
5.456933596027093714e-01,8.711205183505015270e-01
6.008073405535938605e-01,7.691566146052677411e-01
4.934375024865911286e-02,1.388962756980031799e+00
2.599746595868488441e-01,1.152826835478721890e+00
1.577580478330533609e-01,1.263983134276252862e+00
2.063311061322519180e-01,1.192227267248381573e+00
2.907895664050901274e-01,1.144283094891470398e+00
-5.239246479203396589e-01,1.793827823108293806e+00
9.756644176638937793e-01,3.619246287838375764e-01
3.190211911139341439e+00,-4.792878186662612450e+00
3.199163953464607246e+00,-4.948552304760474918e+00
3.123706613285072820e+00,-4.981760914511267124e+00
3.301315922865757813e+00,-4.995603040469775991e+00
3.153533131764673314e+00,-4.948946793445749393e+00
3.257307440511601371e+00,-4.989383683865370678e+00
3.214521171045520376e+00,-4.898522880473644925e+00
3.442842740655562395e+00,-4.996683602458796614e+00
2.966230847088656475e+00,-4.981456214483515943e+00
3.401079289203986278e+00,-4.991867874505719449e+00
3.237397207834646906e+00,-4.980582496610898247e+00
2.958784134499151897e+00,-4.993593897918414903e+00
2.854322944454590782e+00,-4.916900037530764322e+00
2.800805887139389938e+00,-4.963943343592067237e+00
2.613188357260593619e+00,-4.994543419543588492e+00
2.906495685900259751e+00,-4.982471170573289143e+00
3.303349235824354579e+00,-4.996431410993294797e+00
3.277268232296687955e+00,-4.988835829067641114e+00
3.396814653717287413e+00,-4.960406172191103025e+00
3.445542099219354171e+00,-4.967825225712778625e+00
3.046037705881866842e+00,-4.982867359843426769e+00
3.374759783433068705e+00,-4.963980336935254201e+00
3.311700634944880761e+00,-4.968909676433425737e+00
3.229932951532321184e+00,-4.978770873595226298e+00
3.194971240144518276e+00,-4.661355438582683419e+00
3.113953007487692659e+00,-4.564259642618861079e+00
3.136453944746303790e+00,-4.450440146918985818e+00
3.038650535588132584e+00,-4.340587665677476892e+00
3.034160379084875458e+00,-4.252239822376150613e+00
3.094608166049432896e+00,-4.025814368113139530e+00
3.039647369918176523e+00,-4.160103698221281121e+00
2.988603744171687282e+00,-4.011364112785718028e+00
3.051609222903824303e+00,-3.653464010621859437e+00
3.003658746543976577e+00,-4.155281715593514669e+00
3.032704231465706002e+00,-4.123913333814352100e+00
3.136648730893149661e+00,-4.519294937690094827e+00
3.116586209097233606e+00,-4.246545438791937244e+00
3.116309163648994129e+00,-4.256514426575797039e+00
2.961202636033373636e+00,-4.080157801335381862e+00
3.062006531007291699e+00,-4.104276433318064576e+00
3.004908544923983627e+00,-3.986181944808532940e+00
3.100119001351036019e+00,-4.471527673180952789e+00
3.133117728261597179e+00,-4.370773550768336513e+00
3.180260683690253387e+00,-4.339376311373216666e+00
3.050654667441008883e+00,-4.222524654442062264e+00
3.123085944038630046e+00,-4.189797917844325426e+00
3.004828160265489601e+00,-4.244673917918580841e+00
3.025336448296268799e+00,-4.195201437863959271e+00
3.016226561282746133e+00,-4.367897357907901679e+00
3.163699769067997991e+00,-4.383928667238352617e+00
3.074350123589494999e+00,-4.425992152341389207e+00
3.019333190668580968e+00,-4.471852817568947813e+00
3.050483697510367520e+00,-4.473566259816068147e+00
3.101835106511416029e+00,-4.440784128975594491e+00
3.017891676441978532e+00,-4.407192851309342352e+00
3.045174753824866798e+00,-4.339229855498052402e+00
3.016160666472792684e+00,-4.435857133778663197e+00
3.104970304546952775e+00,-4.697956292953237245e+00
3.098607042612698592e+00,-4.328732289932749389e+00
3.181156646784611297e+00,-4.492871990782338898e+00
3.146826798934313274e+00,-4.462802259122677917e+00
3.052201559669507347e+00,-4.498127979202283022e+00
3.168658590368648831e+00,-4.765863864091725688e+00
3.123202781347064416e+00,-4.348703926834198263e+00
3.168024898034287773e+00,-4.660974513481690451e+00
3.091442259234776557e+00,-4.301411096852238103e+00
3.266576173316831699e+00,-4.859522030927232450e+00
3.244225744842413661e+00,-4.923362565777749111e+00
3.220203230956522944e+00,-4.761499116140935683e+00
3.056587829617926744e+00,-4.305370465962119475e+00
3.111035911726521164e+00,-4.253296025536346114e+00
3.044554493459003197e+00,-4.401016510481754018e+00
3.058753376146784220e+00,-4.392224900880227878e+00
3.252814635012075684e+00,-4.707323412147689012e+00
3.111016423710594836e+00,-4.432573573626163110e+00
3.087877410443457649e+00,-4.361109202764801296e+00
3.009433612541517533e+00,-4.365998847554584117e+00
3.200641393887492470e+00,-4.699090318036550862e+00
3.113040442638116190e+00,-4.649074579471303537e+00
3.196323631744636629e+00,-4.758101593378024852e+00
3.152993297188347199e+00,-4.990471181801670042e+00
3.099470236187926275e+00,-4.997030685082952672e+00
3.224532188894620788e+00,-4.936256595583222939e+00
3.164274539968284117e+00,-4.868120868159997450e+00
3.043532621871642974e+00,-4.207685888173037903e+00
3.177037167181108401e+00,-4.728706160818330950e+00
3.091681337298696874e+00,-4.466136803499145103e+00
3.142477918576551232e+00,-4.403715102484797583e+00
3.140443848898252455e+00,-4.236902261169750439e+00
3.140068806663782297e+00,-4.125851763596339872e+00
3.089590432471307935e+00,-4.097156882636774355e+00
3.028749893823302841e+00,-3.985307320100273110e+00
3.086769574153855444e+00,-3.704538601037437040e+00
3.002517213030241550e+00,-3.764682399588660022e+00
3.081436448015276497e+00,-3.823101039466085815e+00
3.040379713067293821e+00,-3.639910198178739620e+00
2.874102357819884546e+00,-3.576814429951767682e+00
3.128043330085866103e+00,-4.295156893201698800e+00
3.095431200394424209e+00,-4.158230582043293211e+00
3.222663184412290605e+00,-4.128322242153529054e+00
3.113421020109665704e+00,-3.822362396507199556e+00
3.164092919314423824e+00,-4.046281012349579598e+00
3.281273867614228124e+00,-4.281028029825295178e+00
3.203002713479291330e+00,-4.193764487643278471e+00
3.181454805278818299e+00,-4.236439571471803944e+00
3.178369969382423221e+00,-4.041977286099218247e+00
3.259259775888942556e+00,-4.244135770032136712e+00
3.211581447928509192e+00,-4.236411706152596324e+00
3.219041036255509525e+00,-4.131690270067176485e+00
3.181472800233009934e+00,-4.223506170830697570e+00
3.216719145001889046e+00,-4.160859260293086948e+00
3.263842640381497517e+00,-4.295565367820635139e+00
3.180387117135454744e+00,-4.188462152260549409e+00
3.256994635299705010e+00,-4.260663476642473135e+00
3.195113139588695361e+00,-4.276021482819394315e+00
3.184622912371922965e+00,-4.245367929860718981e+00
3.173635513513190176e+00,-4.366995162131122932e+00
3.211164490554791584e+00,-4.683373721580571747e+00
3.158478900565405922e+00,-4.339150104934129892e+00
3.092782512773052161e+00,-4.180694766838333187e+00
3.201123812712808103e+00,-4.740036991898883834e+00
3.115624408895820707e+00,-4.318689257473825371e+00
3.236299128355673460e+00,-4.434269074573120584e+00
3.077154346910941030e+00,-4.195720207057031637e+00
3.080656729790918646e+00,-4.216191825684623140e+00
3.145522163059816023e+00,-4.301316025782498720e+00
3.224760193110855155e+00,-4.415179206204952855e+00
3.127721517307389121e+00,-4.286660727496431456e+00
3.115436040528493322e+00,-4.323470688735064016e+00
3.123390946642073729e+00,-4.284758876802415628e+00
3.172314634856615356e+00,-4.693179467505074420e+00
3.044260512982322808e+00,-4.042777534334669021e+00
3.220086406043153104e+00,-4.714150839388217662e+00
3.237904380722302022e+00,-4.551031135299929531e+00
3.208756842354725691e+00,-4.580843246754682241e+00
3.115204326175906147e+00,-4.264922863936121189e+00
3.324231391129563562e+00,-4.974595139886682560e+00
3.355382976520701277e+00,-4.961512690674343418e+00
-7.916792334617905880e-01,2.004156542703372068e+00
3.105962979820485970e+00,-4.651254909763667733e+00
3.204990261067392154e+00,-4.733310970452579980e+00
-6.686864121258846438e-01,1.907759038192729406e+00
-5.933362546780704960e-01,1.818500088299391138e+00
-1.186875420755043820e+00,2.300664293901247603e+00
-1.282898626551496779e+00,2.377142151463454312e+00
-1.963852016515037047e+00,2.761564133890102468e+00
-4.940943290011636790e-01,1.744263450815090266e+00
-5.051511626504439079e-01,1.737418771552484031e+00
-4.500231371953820059e-01,1.729792904368514073e+00
-1.930440823722170407e-01,1.537187660970149139e+00
-2.875055484609143619e-01,1.570776836468144033e+00
-1.385225368732490026e-01,1.530260000369780826e+00
-2.840061245687586222e-01,1.620043998295797039e+00
-2.589813063772483659e-01,1.612722852432584730e+00
-4.128013407397173040e-01,1.684545406417692348e+00
-2.809411273669581988e-01,1.659020465329646754e+00
-3.800965369207460753e-01,1.782382294240695053e+00
-3.579321095996759183e-01,1.570957208155945750e+00
-3.212834171355734014e-01,1.628885837502994427e+00
-4.232378053677550156e-01,1.821766460806582444e+00
-4.349760706705509961e-01,1.806363687223063508e+00
-3.721777032268303032e-01,1.623545898170596580e+00
-2.910778687782329399e-01,1.599771641994794713e+00
-3.103740798640552967e-01,1.659415453289275533e+00
-3.158928656957975534e-01,1.610942082261530572e+00
-3.110807102433561511e-01,1.689918401127772363e+00
-2.645989944061977184e-01,1.646552071354249414e+00
-3.620589154870090809e-01,1.584184583585191319e+00
-3.424738616697720062e-01,1.706332296343417987e+00
-4.355755547215167667e-01,1.652223275579226325e+00
-3.840289862778529795e-01,1.656457318223264252e+00
-3.804203904910421485e-01,1.642578152116545454e+00
-2.424324821435499544e-01,1.623741701540538429e+00
1.513579995370739617e+00,-1.011341073553504000e+00
-1.268170278434932463e+00,2.763730266474857089e+00
4.543500732537648190e+00,-3.676495374151737217e+00
-1.794925444016046256e+00,-7.491750522272422330e-01
-2.387896945904965929e+00,9.235769054013296397e-01
4.082804672714583916e-01,-4.743774673852855450e+00
4.845187455728668269e+00,-2.672322690596253825e+00
1.183306722952403689e+00,-1.387454979979567682e-01
8.560343494750375370e-01,3.730375849314896186e+00
-2.250095908963963609e+00,-2.323029965944043873e+00
4.091653707673085449e+00,1.021691360609814581e+00
-3.999290663172887506e-01,5.250140654276087560e-01
-1.560722028472314005e+00,-4.065461124607750776e+00
-4.963488006602488234e+00,1.915930352904808842e-01
3.850735829933650933e+00,2.285426520021616170e+00
-3.581063876500373944e+00,3.531845446732024385e+00
2.130765278510438065e-01,-1.584137082914625516e+00
1.711590898330404897e+00,-3.564348285586044440e+00
-3.987695551735728650e+00,2.377418313072404032e+00
-4.335280456642164104e+00,-5.082028070853938928e-01
-3.204640064815986289e+00,-2.526371289979145285e+00
2.508304195683880522e+00,-4.653321285222498993e+00
-8.535952803505937325e-01,4.615982830113296131e+00
3.540000884452313201e+00,-1.921021029820897841e+00
2.293733538487389367e+00,4.227767867247596456e+00
-1.233432172949502359e-01,1.407275315097983537e+00
-4.295544214291188823e+00,-3.239160820386843831e+00
3.259102594542049758e+00,3.283677660953754796e+00
-2.841130319449115760e+00,4.902861117246924749e+00
2.831770213693046934e+00,1.943332595113822947e+00
2.551901076938251300e+00,-4.712419252774764367e+00
-4.009216162453713039e+00,5.000000000000000000e+00
-4.622575270098211675e+00,5.000000000000000000e+00
-3.564764531403823433e+00,5.000000000000000000e+00
-5.000000000000000000e+00,5.000000000000000000e+00
-5.000000000000000000e+00,5.000000000000000000e+00
-2.931599090021420828e+00,5.000000000000000000e+00
-5.000000000000000000e+00,5.000000000000000000e+00
-2.483170895511820575e+00,3.204993599314629904e+00
5.000000000000000000e+00,-5.000000000000000000e+00
-2.510389767641381553e+00,3.183275664376399305e+00
-2.293361717196234384e+00,2.895182065247467129e+00
-2.709157882793343575e+00,3.266691847479656019e+00
-2.708813318621272170e+00,3.492944953089924809e+00
-2.228586301114247714e+00,5.000000000000000000e+00
-5.000000000000000000e+00,3.356777841048366184e+00
-3.506085890777376868e+00,3.391567075427046163e+00
-2.667133069978256277e+00,3.421423865490771377e+00
-2.698692941356085839e+00,3.359269394794868191e+00
-2.960638283592725184e+00,3.462296995638395103e+00
-2.814846824886592547e+00,3.504465553540878631e+00
-2.974228898401465759e+00,3.501947393844977441e+00
-3.008402632453252679e+00,3.587473551893353374e+00
-2.823647730397607525e+00,3.413757105171811190e+00
-3.084150121055750482e+00,3.752594543200853394e+00
-2.617419613963265945e+00,3.270250538013341313e+00
-2.665785897886366218e+00,3.398215925216367950e+00
-2.571056838740142680e+00,3.192947392453813649e+00
-2.694199852463563971e+00,3.276666328875242229e+00
-2.472997470806829856e+00,3.104547099582916303e+00
-2.801710148534571232e+00,3.376830894009987816e+00
-2.605299882424964686e+00,3.202002386433724368e+00
-2.673920652451075686e+00,3.370913936176181736e+00
-2.708992046590605440e+00,3.363247141910267857e+00
-2.634688320516064941e+00,3.379555947134276650e+00
-2.912436795326192485e+00,3.410172364904370923e+00
-2.931682543490552906e+00,3.524757849234735119e+00
-2.931070267679085184e+00,3.414581044519284347e+00
-2.765151160038103573e+00,3.334457233064041404e+00
-2.925286407920178355e+00,3.414640442543992904e+00
-2.770093666507990715e+00,3.340937159184676375e+00
-2.972699111489664592e+00,3.555442548663938496e+00
-3.002841838995141011e+00,3.590963082534207373e+00
-3.050544770717622978e+00,3.521039370337868846e+00
-3.101192621229766466e+00,3.652248705887535252e+00
-2.957195536726718199e+00,3.505118623954235346e+00
-3.004711261082749107e+00,3.647157768127639699e+00
-3.089116251872328522e+00,3.589618052080377097e+00
-3.116222130056498063e+00,3.696379766152045221e+00
-3.039367338147624498e+00,3.497012120654098055e+00
-2.963097747264345383e+00,3.463862372200050999e+00
-2.813813203481918102e+00,3.394259054612952298e+00
-3.020097665069960247e+00,3.587473259252263347e+00
-3.069251605073597844e+00,3.519992968760764285e+00
-3.050222879940211573e+00,3.608305543644679148e+00
-3.019190621246021333e+00,3.459730752714577307e+00
-3.095712056316221705e+00,3.545808259356427072e+00
-3.091714704910518030e+00,3.575280945998237314e+00
-3.047580592139658595e+00,3.641722372526187357e+00
-3.106516821603773515e+00,3.640419128107401647e+00
-3.086895034824980844e+00,3.499214335871478454e+00
-3.057617701578143166e+00,3.482862859414764145e+00
-3.090772112913720449e+00,3.648585888762896801e+00
-2.821075674439490033e+00,3.320700870180482767e+00
-3.000960903391294732e+00,3.570806234395046630e+00
-2.776676215335382558e+00,3.418050542742157916e+00
-2.808095296677468156e+00,3.413765663451236776e+00
-2.797762251829902347e+00,3.393310957796542127e+00
-3.084572403026978993e+00,3.562695211742678225e+00
-3.109210015423348850e+00,3.604233094340351329e+00
-3.065427743272062688e+00,3.716672695925284486e+00
-2.835068972133452547e+00,3.414611487189739947e+00
-2.962236997649346115e+00,3.402003068846715550e+00
-2.999746791404089397e+00,3.493267132220886140e+00
-2.809422914476605193e+00,3.380536053430171606e+00
-2.785027263372799489e+00,3.433633882839533413e+00
-3.001841962499767646e+00,3.552671007222009791e+00
-3.065768659695593090e+00,3.455324327156349185e+00
-3.006350682360113158e+00,3.466180461197078344e+00
-3.057060195029213556e+00,3.565629716843861985e+00
-2.915717396628367375e+00,3.368385363125280918e+00
-3.178604531387002385e+00,3.754285710894013306e+00
-3.256086934732618232e+00,3.942033317297262585e+00
-3.171316557323117014e+00,3.856610959994553056e+00
-3.152994651743507681e+00,3.762532866588914615e+00
-3.236371519903378235e+00,3.756766597494534565e+00
-3.229946282920474587e+00,3.795724210712164037e+00
-2.984278784631646975e+00,3.754746293217008812e+00
-3.130459247539060019e+00,3.815963089271537712e+00
-3.022475506514595178e+00,3.691547586162327477e+00
-3.067028913867724693e+00,3.747622201428967514e+00
-2.897393684316453388e+00,3.598831579982951112e+00
-3.117515797894368390e+00,3.749642597931986288e+00
-3.056101501024321543e+00,3.786378014188869656e+00
-3.171284167835879408e+00,3.763548747576502151e+00
-3.228070567836726745e+00,3.750541383868506884e+00
-3.179450460937347067e+00,3.870833020407362213e+00
-3.287795708327894140e+00,4.056578826289227280e+00
-3.025435714372957552e+00,3.792870735706305396e+00
-3.173303351976040076e+00,3.836602419620284365e+00
-3.042646959174410526e+00,3.724431449720993825e+00
-2.819138964193242280e+00,3.481331777580859210e+00
-2.872507671877140734e+00,3.451507410803596798e+00
-2.731859028527228617e+00,3.434967370628664085e+00
-2.742922080479099467e+00,3.431757553951793938e+00
-2.836998316023122246e+00,3.439378700057213578e+00
-2.839255486300052311e+00,3.395512061602657283e+00
-2.835975547777215944e+00,3.452802412604231819e+00
-2.885664164732239634e+00,3.439865369073782375e+00
-2.956056141746805199e+00,3.454265948515226725e+00
-2.827525156663562189e+00,3.472575206426995464e+00
-3.007299512884056725e+00,3.759006871580790943e+00
-3.080291691748681782e+00,3.547740022413883310e+00
-2.811267292226505177e+00,3.486532021730145203e+00
-3.113281551137115244e+00,3.652913795717577017e+00
-2.801769777740547696e+00,3.476399923783908719e+00
-2.765211319910882537e+00,3.442426457943208007e+00
-2.758085221967160994e+00,3.436418090094276678e+00
-3.062391584815278733e+00,3.756565230853000870e+00
-3.088746496761651361e+00,3.813970934617184838e+00
-3.179607621499428216e+00,3.779932794913934302e+00
-3.189138035825324735e+00,3.854011897232513917e+00
-3.277346327289811789e+00,3.926986807408738400e+00
-3.227460210287830034e+00,3.895071627861128150e+00
-3.137204757136628608e+00,3.704116975553965574e+00
-3.134167100659700278e+00,3.729308203545144806e+00
-3.112584257258541154e+00,3.827660971849516258e+00
-3.221129899166556676e+00,3.799726758238003654e+00
-3.201955509318541004e+00,3.828371395383348030e+00
-3.005209253875952946e+00,3.701705141819624956e+00
-3.092467898012523531e+00,3.785279127513458519e+00
-3.157538698917334408e+00,3.896962427697619802e+00
-3.222003014507438312e+00,3.959504121418236267e+00
-3.315365377284263726e+00,4.028018098316740847e+00
-3.205046716226857662e+00,3.792328383886886201e+00
-3.196569011536306348e+00,3.926556640225037142e+00
-3.243154168736156251e+00,3.922724870803888209e+00
-3.213139372652197956e+00,3.985625734503766893e+00
-3.394138866951979860e+00,4.088499175614744630e+00
-3.429525844591451822e+00,4.235118616163113359e+00
-3.595860165653895546e+00,4.430597865109280775e+00
-3.472088116581118822e+00,4.212757528836652554e+00
-3.627098184896845101e+00,4.459364515558165820e+00
-3.606006482643833166e+00,4.496345349246492873e+00
-3.474386434235598564e+00,4.251693253023040242e+00
-3.540360612675404806e+00,4.238348081430254766e+00
-3.504615026407559064e+00,4.304236806089177136e+00
-3.349948412133070264e+00,4.193608969386801277e+00
-3.610741663474398955e+00,4.343477559379667952e+00
-3.525026518378329143e+00,4.377368427566757703e+00
-3.458144824191446531e+00,4.242565553704517711e+00
-3.407560204042202390e+00,3.992104785704693626e+00
-3.316478809846060472e+00,4.050989536267701752e+00
-3.266885699131076848e+00,3.991982839576666109e+00
-3.265417495065474185e+00,4.007272698050899251e+00
-3.443586007473092625e+00,4.128289605216421521e+00
-3.240851873856903431e+00,3.904525159498872355e+00
-3.108997262300264186e+00,3.858786481262573176e+00
-3.180924606603733107e+00,3.903180508863597353e+00
-3.113084302581416551e+00,3.816360223512310412e+00
-2.989168754636069458e+00,3.810275907207930857e+00
-3.013388146339385898e+00,3.768540470692173017e+00
-3.266597891713030943e+00,3.786680402391510825e+00
-2.860794115278555871e+00,3.603602162128696662e+00
-2.827028386200189480e+00,3.572678872295959707e+00
-3.116776624956951292e+00,3.775347148917774120e+00
-3.121727643053163082e+00,3.600044826377112983e+00
-2.967282361724810524e+00,3.624750448667789726e+00
-2.986658383111146620e+00,3.560082059548468791e+00
-3.116088025928458016e+00,3.651353041342369821e+00
-3.233641393190806568e+00,3.778024686445638380e+00
-3.102185340257141544e+00,3.659630618123456358e+00
-3.128408161905591456e+00,3.692268209134612178e+00
-2.950716126077603363e+00,3.548318347977589937e+00
-3.137679371195602585e+00,3.807235355830725254e+00
-3.018780970142882047e+00,3.563939648050080677e+00
-3.210382986137016559e+00,3.880404602784409462e+00
-2.950189954294022865e+00,3.433128786997352577e+00
-2.995345209146669685e+00,3.493167364137159225e+00
-2.920326882092910026e+00,3.492050382984665191e+00
-2.912421760797294201e+00,3.544004388788692950e+00
-2.875301763882742279e+00,3.544429707109120642e+00
-2.957615157328809641e+00,3.550945624660702293e+00
-2.991763766582097972e+00,3.510399375376424658e+00
-2.934621548089668241e+00,3.546439146838785916e+00
-3.119676100475628377e+00,3.796987721368266122e+00
-3.161301533823110965e+00,3.821468533185219840e+00
-2.878721888917826099e+00,3.460797450364447414e+00
-2.862866531013714244e+00,3.497861198970582564e+00
-2.795123384815977996e+00,3.483227260141996240e+00
-2.854353493330729741e+00,3.424701287188442578e+00
-2.987527667322428915e+00,3.460094894939746979e+00
-2.835815927441836415e+00,3.369726383399715530e+00
-2.796103316217874557e+00,3.332599433035811742e+00
-2.612077475377232005e+00,3.228095775064371509e+00
-2.499882390233667984e+00,3.004064027535575221e+00
-2.363893985309790224e+00,2.892231372824081603e+00
-2.339368960523593000e+00,2.875384896177495264e+00
-2.318670342363468695e+00,2.941678113828192664e+00
-2.427235682207295575e+00,3.081463819661552250e+00
-2.526157859106876291e+00,3.083163321446434679e+00
-2.475863163580811044e+00,3.066522920584436207e+00
-2.653928399767601753e+00,3.130840300332447868e+00
-2.774725885040851381e+00,3.261994260549014868e+00
-2.738111244471421291e+00,3.279842085815701580e+00
-2.891362153987369510e+00,3.490441324764811171e+00
-2.857304488650874053e+00,3.380145972048564929e+00
-2.847833730111486883e+00,3.359604914439232815e+00
-2.758290085917336043e+00,3.287237072922991388e+00
-2.892470933216888973e+00,3.440245602048831230e+00
-2.987188252504229702e+00,3.494377556100756621e+00
-2.781792924640757558e+00,3.448821570102298395e+00
-2.782643921673688236e+00,3.437519613383242856e+00
-2.891147327744189699e+00,3.305292233929801426e+00
-2.760265802982116323e+00,3.455811505829609942e+00
-2.897196356306140252e+00,3.388969712615608643e+00
-2.829960978520759785e+00,3.473564734289992018e+00
-2.868846139019598063e+00,3.447894397093516972e+00
-2.869177878888649502e+00,3.487189229195131190e+00
-2.722218773989475871e+00,3.361009423056582790e+00
-2.748434305302212444e+00,3.347532477541438567e+00
-2.693262437765822526e+00,3.325526901840930805e+00
-2.677959510791713793e+00,3.382694469317085506e+00
-2.536056165741787272e+00,3.255977043171132124e+00
-2.571385352377784539e+00,3.326040829781254260e+00
-2.719223934467010384e+00,3.343737593408924624e+00
-2.522057700741834996e+00,3.261810373859532319e+00
-2.570447441881044792e+00,3.142560128088538463e+00
-2.458804393592722182e+00,3.066342079586581448e+00
-2.588084058892702988e+00,3.168189920003053217e+00
-2.496452733934592771e+00,3.202032186801339719e+00
-2.557600966311909918e+00,3.206492121473432988e+00
-2.536351369031409231e+00,3.108007027568222114e+00
-2.516306195206635010e+00,3.213633862316697787e+00
-2.628800260895099328e+00,3.383992940180418074e+00
-2.615597247510055734e+00,3.206268202714863236e+00
-2.652226111124061259e+00,3.329335454463379307e+00
-2.896019115324095061e+00,3.491320606639437329e+00
-2.839700296476153518e+00,3.427516338304874566e+00
-2.854735050916091144e+00,3.434128463912340834e+00
-2.838731814954054578e+00,3.366792587785386814e+00
-2.785050691041463633e+00,3.392885878159200175e+00
-2.727203765705284333e+00,3.400398449020972436e+00
-2.728537184302270546e+00,3.323267843370949493e+00
-2.665159250042767436e+00,3.405306158657181115e+00
-2.714638287292156615e+00,3.411382633150219945e+00
-2.915520643817637758e+00,3.507867217093513901e+00
-2.941725008653941043e+00,3.572043154261923092e+00
-2.828041236542082171e+00,3.412414290360930025e+00
-2.980317567548201207e+00,3.647034127489543920e+00
-2.932941496807308202e+00,3.527038314718689449e+00
-2.751443788592103257e+00,3.360787323860067843e+00
-3.033284340607316665e+00,3.644370678528801477e+00
-2.973733553087376080e+00,3.584487548770482590e+00
-2.983044720435942931e+00,3.575418213416739377e+00
-3.001767278419404494e+00,3.602481309842278989e+00
-2.976214936930478672e+00,3.681426376491604202e+00
-2.876812190812734649e+00,3.549454013613978276e+00
-2.956875993885897280e+00,3.476749092860258017e+00
-2.982933304589450607e+00,3.582183296566674002e+00
-2.942838954334893842e+00,3.570614706613740807e+00
-2.953329553790408735e+00,3.608316078773118107e+00
-2.954058632247781979e+00,3.571244282351191401e+00
-3.016674778112001132e+00,3.613278016648319380e+00
-2.981249675997998505e+00,3.551769225183530665e+00
-2.915419436096100103e+00,3.573502861498514704e+00
-2.974675382454301964e+00,3.614145365818167477e+00
-2.937968286609457635e+00,3.568040193780076308e+00
-2.943399232396622267e+00,3.525823203592114652e+00
-2.933751445049553208e+00,3.566681267347405537e+00
1.046870929566903641e+00,-1.607116311857197388e+00
2.432481512077542263e-01,3.445436888084495664e+00
-3.174845861653075030e+00,-4.493083902506236349e+00
1.948512353176879763e+00,-2.960939015737768631e+00
4.924790150718202142e+00,3.021177062858056317e+00
-1.797855873201979371e+00,-3.714225177549890233e+00
3.943143412190920571e+00,6.137436026768661179e-02
2.200656862103850031e+00,4.975884486911629878e+00
-1.643365567949602202e+00,-2.620684223223579856e+00
-4.639835605497316884e+00,2.189505332578547403e+00
-2.721210073783620231e+00,-3.640501380498496697e+00
3.521655933091844659e+00,-1.204085401657043697e+00
-1.013111391686481788e+00,3.836232787883702144e+00
-2.636485466513625475e+00,-4.690988684535746245e-02
4.401075960617426119e+00,-8.431539113714823230e-01
-3.778782030461377950e+00,4.336777815189183372e-01
1.596743959692038750e+00,1.570958182585254548e+00
2.733221344367384731e+00,2.446857922700949928e+00
-4.051995599777081125e+00,-2.162167572152377204e+00
3.077305746506363349e+00,-3.939853841519784794e-01
-7.128603371447894688e-01,-3.269436976007003892e+00
-2.125684216097649237e+00,1.071910032169160587e+00
6.344820818791276906e-01,2.672380496399825667e+00
-5.052551584561708609e-01,4.600144038453525042e+00
-4.999965691354423925e+00,-4.276902751896210830e+00
8.562639019606077539e-01,-4.757831209359746794e+00
-3.543171095201033349e+00,1.669289503953766740e+00
-1.548480100259830294e-01,-1.840690880926552087e+00
2.386965221156368777e+00,8.577316504640739581e-01
4.066090684880826700e+00,4.249740987193154851e+00
7.820516718219305830e-01,8.480465324172037356e-02
1.861260676998305108e+00,-1.528009001508348064e-01
2.002758084610824163e+00,-1.778170953390949549e-01
2.208310873526433404e+00,-2.570915905621102837e-01
2.443649501573956329e+00,-6.800785803513500483e-01
2.471096861153476709e+00,-9.891795438387527284e-01
2.703849686843159184e+00,4.291839245268000980e-01
5.000000000000000000e+00,-5.000000000000000000e+00
5.000000000000000000e+00,-3.520931313198696344e+00
5.000000000000000000e+00,-2.452803386721404966e+00
5.000000000000000000e+00,-5.000000000000000000e+00
3.874005733798934870e+00,-5.000000000000000000e+00
5.000000000000000000e+00,-5.000000000000000000e+00
5.000000000000000000e+00,-5.000000000000000000e+00
5.000000000000000000e+00,-5.000000000000000000e+00
-5.000000000000000000e+00,5.000000000000000000e+00
-3.991109212299562614e+00,5.000000000000000000e+00
-3.905253606777308484e+00,5.000000000000000000e+00
-5.000000000000000000e+00,5.000000000000000000e+00
-5.000000000000000000e+00,5.000000000000000000e+00
-3.393677712189921536e+00,5.000000000000000000e+00
-3.386303228878808191e+00,5.000000000000000000e+00
-5.000000000000000000e+00,5.000000000000000000e+00
-5.000000000000000000e+00,5.000000000000000000e+00
-5.000000000000000000e+00,5.000000000000000000e+00
-5.000000000000000000e+00,5.000000000000000000e+00
5.000000000000000000e+00,-5.000000000000000000e+00
-2.852142892542592012e+00,5.000000000000000000e+00
5.000000000000000000e+00,-5.000000000000000000e+00
-5.000000000000000000e+00,5.000000000000000000e+00
5.000000000000000000e+00,-5.000000000000000000e+00
5.000000000000000000e+00,-5.000000000000000000e+00
5.000000000000000000e+00,-5.000000000000000000e+00
5.000000000000000000e+00,-5.000000000000000000e+00
4.992398713960868761e+00,-4.638030541823065178e+00
5.000000000000000000e+00,-5.000000000000000000e+00
4.967115141656908150e+00,-4.933082658811875021e+00
-5.000000000000000000e+00,5.000000000000000000e+00
-5.000000000000000000e+00,5.000000000000000000e+00
-4.838435370040734540e+00,4.988209633696557788e+00
4.972652573811096488e+00,-4.971279157806222315e+00
4.999446061661000584e+00,-4.768718584235157820e+00
-4.404952078054801490e+00,4.982143358172923087e+00
-4.432421142243953227e+00,4.998329809738397245e+00
4.999987648508193772e+00,-4.875351618718158697e+00
4.959009099975057566e+00,-4.991135769940867384e+00
4.986755001993399716e+00,-4.829331814529930433e+00
4.862532819924261673e+00,-4.972089023555041010e+00
4.751312849085516987e+00,-4.910597285729713768e+00
4.763816403074743633e+00,-4.993838686716226327e+00
4.969253760966596545e+00,-4.974175853483324694e+00
4.973779955586049795e+00,-4.994742939008386173e+00
4.967741051374103378e+00,-4.766081302189141056e+00
4.955442373365194442e+00,-4.486479691985329588e+00
4.864286355924848593e+00,-4.985261212506747697e+00
4.632102407951396827e+00,-4.984696644187284420e+00
4.799015757401436488e+00,-4.991780725112567652e+00
4.907873695475450049e+00,-4.994047453726714103e+00
4.950790416414807993e+00,-4.991952364955750454e+00
4.967368028469925534e+00,-4.954285661767302784e+00
4.997299564354385382e+00,-4.984849194461093091e+00
-4.930408346626893312e+00,4.982903824322651332e+00
-4.742711397185731315e+00,4.949437857789384054e+00
4.910337434428697634e+00,-4.968004327901085482e+00
4.960778509791943236e+00,-4.970204409585750049e+00
4.975276673040443853e+00,-4.935415027515187347e+00
4.986143240729894899e+00,-4.944836562487742171e+00
4.876992377418066127e+00,-4.996666916363633248e+00
4.936898544870638617e+00,-4.999832846104736994e+00
4.995343757976872467e+00,-4.987282945912324905e+00
-4.435147055925902748e+00,4.991056893657914273e+00
-4.877626468635440915e+00,4.977583591595845292e+00
4.994192311168587750e+00,-4.997630931023357981e+00
4.971833857589874839e+00,-4.999927154276507579e+00
-4.103932359182244305e+00,4.976463212832825889e+00
4.970225544930872985e+00,-4.735593632104584394e+00
4.784512387814418233e+00,-4.996307330091084964e+00
4.978420899746726747e+00,-4.738273308586728128e+00
4.998770045760371872e+00,-4.724173949719703280e+00
4.704433346939826066e+00,-4.884571905859888652e+00
4.981590837341077105e+00,-4.967485324243771316e+00
4.785640605304719131e+00,-4.978826833834762766e+00
4.986281450657635617e+00,-4.950964041143989469e+00
4.670290615036019943e+00,-4.964577286004396406e+00
4.753224838547481568e+00,-4.985545963330787700e+00
4.637764062846208901e+00,-4.972902602816274609e+00
4.629799455940773356e+00,-4.979740601274921019e+00
4.633106742706489811e+00,-4.910133094270459075e+00
4.730336192558294073e+00,-4.993809690391159961e+00
4.999296219177200129e+00,-4.995406957522398272e+00
4.990173304336130045e+00,-4.908372309778485487e+00
4.501824910849204997e+00,-4.956965984807208514e+00
4.926650473070761649e+00,-4.996068512248179161e+00
4.573192881480611760e+00,-4.981950098196175958e+00
4.606307465644563948e+00,-4.992734286219017825e+00
4.636380203780056775e+00,-4.983295798522888731e+00
4.955498766821925472e+00,-4.978161452724658709e+00
4.612589531307257573e+00,-4.997338397483203742e+00
4.685716337386313768e+00,-4.977148775435003891e+00
4.721267795208838436e+00,-4.988760779921967980e+00
4.993662390178988275e+00,-4.941698364081494432e+00
4.291905834278296084e+00,-4.914820168684121526e+00
4.522249907556037840e+00,-4.957139580578716398e+00
4.297502518095400958e+00,-4.975321697167040647e+00
4.912084635237157215e+00,-4.974438629165509163e+00
4.981262728267337181e+00,-4.970764095221213985e+00
4.970601364949997603e+00,-4.925164616445813159e+00
4.979843809214060002e+00,-4.677464023535758741e+00
4.990739353425814429e+00,-4.762800846208627092e+00
4.983802626502797040e+00,-4.626289962918092691e+00
4.995573323808638833e+00,-4.766751949272514111e+00
4.988217088956583112e+00,-4.291213791875469141e+00
4.994416828005231679e+00,-4.663833259620695060e+00
4.729774279685049265e+00,-4.995650500736333655e+00
4.971926752051681220e+00,-4.767150149479278731e+00
2.758836230291761282e-01,-1.545952182640775163e-02
4.953172520242342003e+00,-4.774935172164411767e+00
4.965165650246442297e+00,-4.597069745831533716e+00
2.438075669731567530e-01,3.759909191232235770e-02
2.638316605879964527e-01,4.193165056660319578e-02
4.990697094230981179e+00,-4.724040615154053491e+00
4.981118717542083019e+00,-4.957266158646233656e+00
4.966211317362144939e+00,-4.976877780524620931e+00
4.727496234634218197e+00,-4.973092118820661156e+00
4.972990020021466506e+00,-4.621938369462116114e+00
4.979524953377964636e+00,-4.684469774946707687e+00
4.954562145447308552e+00,-4.623607429373534750e+00
3.421545936130598875e-02,1.869888446498677581e-01
4.978342903106565132e+00,-4.815812763589174317e+00
4.956454858229253801e+00,-4.995011607952744015e+00
4.967989241603342876e+00,-4.862563513304959173e+00
4.932726196441922895e+00,-4.967192943305344777e+00
4.974931182655378592e+00,-4.927426873122695561e+00
4.989455062176261890e+00,-4.983143802913227560e+00
4.934947389846607635e+00,-4.739496133406079004e+00
4.987733239366223259e+00,-4.549732587483070745e+00
4.999377920261432351e+00,-4.983561127873181285e+00
4.982287515008657408e+00,-4.557137292806144657e+00
4.942020438908089730e+00,-4.958378307492371739e+00
4.988869174286136854e+00,-4.633293621645250937e+00
4.975861817300028633e+00,-4.731916613787586989e+00
4.982786162031038302e+00,-4.488257247153348395e+00
4.974220699640570231e+00,-4.993327038934337381e+00
4.986208971912317267e+00,-4.762350360107353353e+00
4.728170256852965991e+00,-4.970770615930594438e+00
4.928566375905157670e+00,-4.517317218955566815e+00
4.760353264928276928e+00,-4.993867664849975796e+00
4.697911669402200729e+00,-4.995943062696725612e+00
4.979538493429036095e+00,-4.624258597722806563e+00
4.972420124376482065e+00,-4.494679816864016964e+00
1.149145887153935064e-02,2.973299646493119397e-01
8.201429499727463934e-02,2.297404619253988756e-01
4.978126376631504257e+00,-4.596518806912952115e+00
4.979626279214278028e+00,-4.593628876907721370e+00
4.988396329443649080e+00,-4.954077361099397336e+00
4.853991268959740424e+00,-4.999882416720181411e+00
4.955035789794404621e+00,-4.808236461348495361e+00
4.993824414267605150e+00,-4.694060899640739137e+00
4.999477748519158382e+00,-4.663933305011393138e+00
4.966912945827790082e+00,-4.989831692296415433e+00
4.973435585778110735e+00,-4.996522060384354980e+00
7.693883021690073321e-02,2.083860561059989180e-01
9.560261434681827097e-02,2.236518206498452344e-01
4.995382877873042915e+00,-4.651875587686697067e+00
4.676386263625630590e+00,-4.986022214329388191e+00
-3.332064148451125973e+00,3.742919101507325763e+00
-3.234078862824385503e+00,3.693996372605059975e+00
-3.259059456762362750e+00,3.663929407249741033e+00
-3.288527355561246868e+00,3.635318597461603574e+00
-3.139835535755943319e+00,3.669337806935299540e+00
-3.248679946318919320e+00,3.703215309532604138e+00
-3.224698164845006598e+00,3.687525035382714478e+00
-3.118677259763767307e+00,3.610324794655614511e+00
-3.159287064492491748e+00,3.581447183458402961e+00
-3.169334911548341349e+00,3.576198894009296581e+00
-3.278110786715357605e+00,3.657039989224303511e+00
-3.199756564669704595e+00,3.642653059409505900e+00
-3.984378283266481802e+00,4.988470470658782574e+00
4.972736755138392084e+00,-4.959906541064068364e+00
4.983788643906351012e+00,-4.964126920307188051e+00
4.997810854936002301e+00,-4.644962772082252833e+00
4.732668495484688265e+00,-4.993979654441639937e+00
4.988934225992162297e+00,-4.719899829361168919e+00
4.999218801225287834e+00,-4.476812507008284925e+00
4.980829020741273538e+00,-4.717988391716475327e+00
4.776376756308351901e+00,-4.993978080157527089e+00
4.990349999805935965e+00,-4.964032130827692235e+00
-8.778958391260616168e-01,1.200281429941058242e+00
-9.862323177587315470e-01,1.275456629204233749e+00
-8.210764976014619521e-01,1.202579333081517987e+00
-9.057702715068280952e-01,1.247251257697755911e+00
-7.964178269674473398e-01,1.131448848913510830e+00
-8.248482076331136170e-01,1.151205724353589588e+00
4.986770288880151725e+00,-4.987160905243919196e+00
-1.072585117937444821e+00,1.379814447639335917e+00
4.953341182588060221e+00,-4.951468937464060360e+00
-1.035827574581297483e+00,1.403725555527952196e+00
-1.024802134602986747e+00,1.339108588178611114e+00
4.944639470983421603e+00,-4.622270927596132672e+00
4.984085036816603420e+00,-4.604935760906577968e+00
4.974105942515960166e+00,-4.370440869726067490e+00
4.970990004396794504e+00,-4.616157848019275534e+00
4.967635724806701347e+00,-4.514968226851247657e+00
4.989550243620605841e+00,-4.442392042637690608e+00
4.983934632414509736e+00,-4.535479855598731902e+00
4.976632507926693094e+00,-4.483907838515720279e+00
4.999590139688773860e+00,-4.929237853927053159e+00
4.993216117699462941e+00,-4.277538245488331725e+00
4.910129981065884053e+00,-4.978170686369686848e+00
4.961326404280542945e+00,-4.622654441397258118e+00
4.961401120720488223e+00,-4.543187814211135489e+00
4.993268368002690138e+00,-4.963764162607350094e+00
4.995741888875768311e+00,-4.687360470680102864e+00
4.939172366776560352e+00,-4.318163874769848753e+00
4.992230930816480949e+00,-4.631044665379132397e+00
4.999559318380770279e+00,-3.832336401526764469e+00
4.971918053127591719e+00,-4.313766038746773113e+00
4.995827636968620311e+00,-3.887267076552247680e+00
4.982798820222532399e+00,-4.328933278765499715e+00
4.962903585785957361e+00,-4.716117568657693937e+00
4.977008166836542458e+00,-4.222107710245059486e+00
4.923439791658303477e+00,-4.993875328812923620e+00
4.999383211711386110e+00,-4.546571197523658014e+00
4.958783666538588264e+00,-4.586350610568145747e+00
4.994952905346130123e+00,-4.314499533007200682e+00
4.973121757360551953e+00,-4.975107286389816252e+00
4.856599840393343470e+00,-4.951560964635808304e+00
4.823359036366365871e+00,-4.996763822890963880e+00
4.863026230165116814e+00,-4.986209739440910838e+00
4.833436482166407089e+00,-4.984075462858927885e+00
4.735943183561444059e+00,-4.992122038911657178e+00
4.986757241854766320e+00,-4.502212608092751367e+00
4.998019403343050726e+00,-4.578483602663260044e+00
4.983725062784152726e+00,-4.478376946960128890e+00
4.839953452446962956e+00,-4.952664258504602124e+00
4.983538011611063467e+00,-4.619310981407537930e+00
4.986533542622201054e+00,-4.543376985687820557e+00
4.987324027536908844e+00,-3.835457721441231094e+00
4.989453813316512054e+00,-4.537811388606086460e+00
4.745861055051509680e+00,-4.995019069237743636e+00
4.963850741393148525e+00,-4.397892894391320695e+00
4.996111035194557459e+00,-4.615437035705793889e+00
4.973282219449114194e+00,-4.433772922680784490e+00
4.973973844656082832e+00,-4.538424333269533761e+00
4.995731236741583814e+00,-4.361511735992097627e+00
4.979511850839001497e+00,-4.436761727416411283e+00
4.996605154628939616e+00,-3.953712369594196474e+00
4.975385645713735983e+00,-4.625747538113386348e+00
4.973952045803619271e+00,-4.856804697122917958e+00
4.905744505911435738e+00,-4.992667399384653315e+00
4.962868237458527787e+00,-4.485800302704246789e+00
4.999843760394162118e+00,-4.448274621854596766e+00
4.961042492238281199e+00,-4.324441977805554949e+00
4.982741663790712039e+00,-4.410958489034383589e+00
4.983137573922300945e+00,-4.360187182635035796e+00
4.982143761789068037e+00,-4.152963916799871313e+00
4.940476247365658935e+00,-4.275918916837207817e+00
4.956933362774982754e+00,-4.074866538602229582e+00
4.976521298288465900e+00,-4.299138743860236644e+00
4.990043289014835182e+00,-4.955092488681923868e+00
4.999683545195095391e+00,-4.179241049406149600e+00
4.997247877155997386e+00,-4.229799193637408194e+00
4.994973007873928950e+00,-4.114593348122263627e+00
4.999377516436698698e+00,-3.940673315383125264e+00
4.975009754078264734e+00,-3.755200273476337891e+00
4.939104462407307494e+00,-3.683190082799324472e+00
4.986006557276528639e+00,-3.535879036849860491e+00
4.994588860595220225e+00,-3.499790925141510023e+00
4.987419197511268720e+00,-3.539874656593445579e+00
4.966883422319085639e+00,-3.331047198020334665e+00
-2.709893910726882016e+00,-4.946130978651188670e+00
-1.156864605482680552e+00,1.631733218529483054e+00
8.083973416563132730e-01,-4.253214338856679433e+00
-4.617413468758169159e+00,3.635462460871984547e+00
-1.529983884617401202e+00,3.959032959197616108e+00
3.873330880855773373e+00,-1.657391100509064241e+00
3.015979080530627243e+00,-1.696637927530877388e+00
-2.293674318963719205e+00,2.585991146979603528e+00
-2.625069836752941033e+00,4.291754461017658784e+00
4.713791112751001933e+00,-2.354184886976491864e+00
-3.709194162269891404e+00,-4.562989727233996540e+00
1.727118251125303594e+00,2.850602387319415065e+00
-6.819377889126343462e-03,-2.202317458986795096e+00
-3.225511113930324303e+00,-2.994881168000269600e+00
2.571011735830124323e+00,5.090341118017871480e-01
-6.848071147899172928e-01,3.647399253594585389e-04
4.175844974735349879e+00,2.191258260146186743e+00
1.372102762100486650e+00,-3.547142257807793797e-01
-4.665408860843074379e-01,1.000218068834239027e+00
2.732423537860984020e+00,-3.231756254295028441e-01
-4.976448255905703277e+00,1.848779222538623479e+00
4.544290542588361959e+00,-3.773524507077882895e+00
1.234672192945898139e+00,6.986964061131226700e-01
1.684843681398842108e-01,3.250197179811433301e+00
-4.217139227413974290e+00,4.665216748572580840e+00
-1.934773056278147774e+00,-3.037116671211133045e+00
-3.552961602330314328e+00,-9.013838669139984106e-01
2.047708508700072372e+00,-1.120009297307539065e+00
3.372727576078823120e+00,-3.372338645093520881e+00
6.293981696247357149e-01,4.858546913837164638e+00
-5.000000000000000000e+00,5.000000000000000000e+00
-3.212202713736835857e+00,5.000000000000000000e+00
-5.000000000000000000e+00,5.000000000000000000e+00
-5.000000000000000000e+00,5.000000000000000000e+00
-2.491907152998708241e+00,5.000000000000000000e+00
-4.077015318990679482e+00,4.409467392396665630e+00
-5.000000000000000000e+00,3.284865897916795063e+00
-3.963368203281924629e+00,4.326094005293864342e+00
-4.364186245404990672e+00,4.486114213145281582e+00
-3.990446517868027954e+00,4.335895556730886113e+00
-3.930885176757691113e+00,4.358948441226939252e+00
-4.289612195142210815e+00,4.381933614550078460e+00
-4.335145363307299604e+00,4.393986733111747256e+00
-3.876824741130053376e+00,4.318613113515986868e+00
-3.976461779185633816e+00,4.380862990079437580e+00
-4.024826008659947441e+00,4.322486679059206693e+00
-3.919365242917148606e+00,4.334731939262105982e+00
-4.252543711572985607e+00,4.404851192222643874e+00
-3.816638778119000097e+00,4.245376480779327721e+00
-3.499209527027264954e+00,4.124842795247982252e+00
-3.186297963278533540e+00,3.906772972215797779e+00
-3.231109824545578046e+00,3.837391455202549650e+00
-3.078519383463109271e+00,3.676961330362884084e+00
-3.557098069797901552e+00,4.128717537396283888e+00
-4.821362273589343772e+00,4.981437684643740482e+00
-4.495715830523696610e+00,4.627794776327737836e+00
-4.858140419123894382e+00,4.836761205566977750e+00
-4.836489226241948103e+00,4.856226279459392003e+00
-4.553423035398340701e+00,4.631176604946556807e+00
-3.998694782722974406e+00,4.469784857189912586e+00
-4.339157329887673775e+00,4.458745102365579527e+00
-4.398112991212147271e+00,4.447834061575921538e+00
-1.333098477686794237e+00,2.470599978301819988e+00
-1.197270048282124133e+00,2.431832329494038270e+00
-1.145556705755641502e+00,2.370918927998799219e+00
-4.172583110280693397e+00,4.517992652309795076e+00
-4.336207962249721604e+00,4.665808433768837915e+00
-3.839106306008554625e+00,4.402502173451326328e+00
-3.795201942960471975e+00,4.369194458168673023e+00
-3.651651989541019994e+00,4.269747032184531221e+00
-4.567826476063745034e+00,4.666037941790603938e+00
-4.938407243979541228e+00,4.813707671359079399e+00
-4.934622011124184304e+00,4.889620426442581547e+00
-4.609971702210015287e+00,4.792553064655471928e+00
-4.840760696815488373e+00,4.955806962901593948e+00
-4.827597618455508943e+00,4.962254630649804099e+00
-4.974733026872489638e+00,4.897620395138483573e+00
-4.661948002224569620e+00,4.908959984086950001e+00
-4.630425811400260550e+00,4.935429170468109916e+00
-4.665863976511009703e+00,4.921817873059646686e+00
-4.492640581571728298e+00,4.698078485460074560e+00
-4.455981622025275257e+00,4.707355543842718149e+00
-4.595167034878966383e+00,4.764856951331973178e+00
-4.507128552391716170e+00,4.599770046339418883e+00
-4.593147255512431748e+00,4.571404873375286115e+00
-4.509733548614827114e+00,4.663092440413826978e+00
-4.665527283843942108e+00,4.722460482178746588e+00
-4.143348136050009956e+00,4.444848450947146645e+00
-4.502187412981975001e+00,4.697023557611515798e+00
-4.049990864233185661e+00,4.369815583480358256e+00
-3.782117153634037887e+00,4.328233521923422700e+00
-3.741021192380952876e+00,4.319571196705817684e+00
-3.756710779603104733e+00,4.120274055246619938e+00
-3.735880347053862405e+00,4.370087962376631552e+00
-3.708101576310006475e+00,4.256569273120183183e+00
-3.617037519500612142e+00,4.270435825754207215e+00
-3.936765711126912315e+00,4.289100835115080557e+00
-3.855915042224367983e+00,4.313011752059342285e+00
-3.957498755572030902e+00,4.259872582146259745e+00
-4.034666719145739933e+00,4.223056032475797750e+00
-3.907648724418944841e+00,4.137333586360490756e+00
-3.746051859261590788e+00,4.165422012764683046e+00
-3.884598039856466123e+00,4.081381845966486566e+00
-3.788808989675522376e+00,4.105778303013536856e+00
-3.670446463301808571e+00,3.972355505968685918e+00
-3.747312641727858828e+00,4.003393449305001184e+00
-3.713448650306809817e+00,4.024122470815726160e+00
-3.762074526629444193e+00,3.978407662107695586e+00
-3.873993750164963501e+00,4.335984171941722920e+00
-4.175606026179167429e+00,4.309708215260748432e+00
-4.048277754178687182e+00,4.196910781402580781e+00
-4.152055652785910489e+00,4.168321269775029592e+00
-4.178796850260994233e+00,4.086580395911726171e+00
-4.019370721939649727e+00,4.159975237601615916e+00
-4.072883797868808387e+00,4.133724965411193608e+00
-3.943236298508032256e+00,4.069257683441270146e+00
-4.082560660866327851e+00,4.061958004714668391e+00
-3.986635626322138748e+00,4.064828274027187049e+00
-4.178191561642186969e+00,4.098591188283769782e+00
-4.114400855561214598e+00,4.149740431531583340e+00
-3.967967588195286943e+00,3.972873668575589434e+00
-3.978952699874637844e+00,4.209556053627782291e+00
-4.173205468998633982e+00,4.178535282655852612e+00
-4.186017231741138822e+00,4.278755498476478181e+00
-4.121828613824810361e+00,4.216818586435746141e+00
-4.187232869834711657e+00,4.301690863159359779e+00
-4.092616296755405614e+00,4.200141242823107746e+00
-4.308779287770538424e+00,4.296648954031688561e+00
-3.994035917957841963e+00,4.322213019962173775e+00
-3.937194377535131018e+00,4.420594561244710619e+00
-3.902159394300106499e+00,4.389469013218608495e+00
-3.883974251425805768e+00,4.304661132629322040e+00
-3.797002926472234918e+00,4.354507812376780862e+00
-3.883103666079593452e+00,4.446704198912874162e+00
-4.057916596644062679e+00,4.511188549549993709e+00
-3.897456713972712983e+00,4.442629757512742472e+00
-3.982215176303397275e+00,4.529044025218514236e+00
-3.894424628699622914e+00,4.528880204697804501e+00
-3.763743028625975207e+00,4.539845169826607574e+00
-4.046640671589244675e+00,4.653237623641306442e+00
-3.852382299338074745e+00,4.700793597752927155e+00
-4.033338058013564265e+00,4.562580331740177186e+00
-3.835254776831368062e+00,4.581785084920344531e+00
-3.840457511831158577e+00,4.531349702923753497e+00
-3.939696555442401937e+00,4.753161301870715505e+00
-3.893223560717058440e+00,4.798182832375012197e+00
-3.897334472043761711e+00,4.835534538295952700e+00
-3.821196792459716551e+00,4.578505327117415646e+00
-3.932879873352764566e+00,4.582922695260091217e+00
-3.910963685817027802e+00,4.515070688803984211e+00
-3.924330758523365326e+00,4.325446598906690809e+00
-4.090146912925209044e+00,4.535623850087302955e+00
-3.968876309376498490e+00,4.403836122131274067e+00
-4.029887343397676958e+00,4.498325652762037663e+00
-3.988012594955383072e+00,4.350199696470919974e+00
-4.203256716856954789e+00,4.537419380006525671e+00
-4.069175498890316156e+00,4.533933911964783903e+00
-4.105097797639643886e+00,4.661504646819754072e+00
-4.232634546193767555e+00,4.438062760201997747e+00
-4.162945713053308516e+00,4.533517361061431217e+00
-4.125387313179770921e+00,4.564856586521464976e+00
-4.189401713983219366e+00,4.587363447621187973e+00
-4.083680940944223181e+00,4.588894689999708731e+00
-3.959050732535592587e+00,4.493767504469900587e+00
-4.140975424212367528e+00,4.536714439083400663e+00
-4.077650291416876627e+00,4.325089706117367427e+00
-4.244812433608590396e+00,4.329099729191682400e+00
-4.100863029095699552e+00,4.312864315736476328e+00
-4.099659450901835811e+00,4.342171135355542333e+00
-4.164536647235485667e+00,4.300260538720252157e+00
-4.066289737649170455e+00,4.520297930434939104e+00
-3.965264352853290042e+00,4.309875941658141585e+00
-3.995199866100140440e+00,4.296475699013038607e+00
-4.226478196302251078e+00,4.492845473044585702e+00
-3.968517763473626836e+00,4.367191233159532615e+00
-3.941555322088755364e+00,4.310429250431607073e+00
-4.185187382252730792e+00,4.502730275406657157e+00
-4.031042664146374577e+00,4.304065614600002476e+00
-3.869713078977299325e+00,4.353919779503019782e+00
-4.006846338039872890e+00,4.315671638043269809e+00
-3.905119954525364534e+00,4.267764793529826406e+00
-3.830806267188596514e+00,4.228638453300456845e+00
-3.850389642472699769e+00,4.184215201102270854e+00
-3.764490622949664189e+00,4.258848843104653170e+00
-3.809285910725492386e+00,4.118873511761705686e+00
-3.767991451019959470e+00,4.078523894425812202e+00
-3.828080198175844551e+00,4.091355400027481437e+00
-3.771761716065775261e+00,4.041666875846605222e+00
-3.678138800653793616e+00,4.087754674202324523e+00
-3.832153830248965498e+00,4.117163464686536045e+00
-3.785307817523106522e+00,4.165845413492855087e+00
-3.756801933379363412e+00,4.179079160822910310e+00
-4.157119304782670000e+00,4.288513825673703650e+00
-3.970408731291845683e+00,4.177037239870143637e+00
-4.212396212460126854e+00,4.362556747259654699e+00
-4.305364252973093109e+00,4.387097276068402607e+00
-4.505834666233115904e+00,4.528219324339978868e+00
-3.774792499309652438e+00,4.269188712276143605e+00
-3.810400377554783446e+00,4.181656110216788846e+00
-3.997307219741657924e+00,4.445136458400272161e+00
-4.011127492156860264e+00,4.446166298957489715e+00
-4.237165898629776883e+00,4.420899886169028292e+00
-4.241783467000567853e+00,4.455381237711335984e+00
-3.999136138155830800e+00,4.451205842554511349e+00
-4.085128879637229815e+00,4.468169665007925673e+00
-4.168440923065392489e+00,4.472371870656669302e+00
-3.944114925046156017e+00,4.363581202577028861e+00
-4.029673196043688677e+00,4.514880382364429678e+00
-4.073851645193422577e+00,4.495192515821848644e+00
-3.946773682696263830e+00,4.516869494288860309e+00
-4.027853575136719044e+00,4.571525113944671759e+00
-4.116027425572955423e+00,4.642206870027585808e+00
-4.029784009942844136e+00,4.594246376337023818e+00
-3.957495567236524181e+00,4.660901270773610605e+00
-4.000878003843578057e+00,4.804568314054709077e+00
-3.862852206049913306e+00,4.966239465958638633e+00
-3.652886197794159351e+00,4.880190534739240249e+00
-3.907827170174399178e+00,4.990230130248377804e+00
-3.810687431819944404e+00,4.977173635405620189e+00
-3.536155103009418266e+00,4.987872507217598894e+00
-3.871111727421979509e+00,4.966415311931980270e+00
-3.766110784623829311e+00,4.873034994146930643e+00
-3.927706542088017283e+00,4.997920498390493904e+00
-3.821008654220025669e+00,4.976806705005904163e+00
-4.019804863115647997e+00,4.998396264869374050e+00
-3.943399529494949540e+00,4.988351099177879888e+00
-3.961980323287743744e+00,4.911664405505382192e+00
-4.031323018326539831e+00,4.988976417415170062e+00
-3.941721024804660800e+00,4.913428508304727771e+00
-3.902853451922420724e+00,4.953345735993368137e+00
-3.978216025836466052e+00,4.989935701823181802e+00
-3.952433919514973581e+00,4.983599274859882300e+00
-3.832957818885159629e+00,4.984913628000612107e+00
-4.140101639700267455e+00,4.983119190076097382e+00
-4.185885806712407842e+00,4.947045582873297320e+00
-4.007616720242486608e+00,4.954465155761788253e+00
-3.978742474558912612e+00,4.998557422727998301e+00
-4.074222966305462101e+00,4.995255750757380042e+00
-4.002395891335094547e+00,4.972186523304522154e+00
-3.888241129157173681e+00,4.998604900615893243e+00
-4.023571278475382762e+00,4.989614735371274534e+00
-3.962688820992636529e+00,4.903753608087134452e+00
-3.845812310204099305e+00,4.987479955901640949e+00
-3.787917763983844388e+00,4.998469813430730824e+00
-3.513427168933210609e+00,4.909449373266266292e+00
-3.687224091332460318e+00,4.997059270870208181e+00
-3.568004066732338497e+00,4.984742175931319963e+00
-3.751630027397189870e+00,4.983596367765034785e+00
-3.856410052818832312e+00,4.947050796949504559e+00
-3.826020515686852086e+00,4.978705586543378914e+00
-4.271579185421940039e+00,4.967165217480248529e+00
-3.628900989981764802e+00,4.936587603273945746e+00
-3.546728605084276786e+00,4.962048855110136714e+00
-3.670418772182461709e+00,4.991615517340308728e+00
-3.751185953509359017e+00,4.982977141261159204e+00
-3.600063534518653796e+00,4.994294909429372709e+00
-3.613223505201273777e+00,4.974513624703941872e+00
-3.747470739315649002e+00,4.964838578218900622e+00
-3.621053750692162509e+00,4.970569313965723879e+00
-3.483146261680942324e+00,4.983220700862153407e+00
-3.521721838304020302e+00,4.950897015393156408e+00
-3.502740470278119300e+00,4.984024028781124827e+00
-3.362398172547068409e+00,4.988383751881482198e+00
-3.678703267826125334e+00,4.985215924702171009e+00
-3.319034763318522430e+00,4.989454338176530612e+00
-3.742438241303263968e+00,4.984721502610307553e+00
-3.523305870119983751e+00,4.971725415426497818e+00
-3.350762441790603230e+00,4.999246865588368394e+00
-3.344649764487398258e+00,4.995555384103113283e+00
-3.168691487373950011e+00,4.979621618619948009e+00
-3.640386283921087429e+00,4.978011314015216016e+00
-3.763280000993870278e+00,4.938332526614331641e+00
-4.170102818763031571e+00,4.958979666731853087e+00
-3.534150278127728750e+00,4.995174029614080524e+00
-3.895196942991767664e+00,4.991298475058957962e+00
-4.469035531544209405e+00,4.976327376431363803e+00
-4.437303005783125975e+00,4.971679679169806576e+00
-4.494925765762984859e+00,4.986311648038576294e+00
-4.753665752409547807e+00,4.975890633810559294e+00
-4.476181375964945808e+00,4.994438486057411808e+00
-4.396907011164665313e+00,4.964488179125192246e+00
-4.412076168358964878e+00,4.999262423063443705e+00
-4.404884271977912213e+00,4.969549027661589236e+00
-4.341750895066606830e+00,4.983498883933293655e+00
-4.130819115806469100e+00,4.992210101367739128e+00
-4.380294881575183652e+00,4.978326943804646021e+00
-4.215866960052206736e+00,4.971390376395683930e+00
-4.422801877408712556e+00,4.968226640510714276e+00
-4.477724511339532754e+00,4.975390155030867234e+00
-4.427474985546774988e+00,4.998103661966956324e+00
-4.505614253385583190e+00,4.989044046878417404e+00
-4.463872596621115463e+00,4.972181755397800273e+00
-4.608355730258288041e+00,4.982785372042133787e+00
-4.412542277288348913e+00,4.961873891076457710e+00
-4.348016997363587599e+00,4.985117952395022201e+00
-3.777715080388382773e+00,4.977894923903180668e+00
-3.927735151045906647e+00,4.967462901851039447e+00
-4.056631068417321906e+00,4.997950450058031180e+00
-4.345789301880467193e+00,4.993247649735041094e+00
-4.374242001451017714e+00,4.983061798387831587e+00
-3.142686394088433310e+00,4.190349082865600039e+00
1.768191856353391600e+00,-3.833639231038612039e+00
3.899337171209598552e+00,3.462570778407648930e+00
2.939909109525671305e+00,3.113944203531431754e+00
9.158399332515632096e-02,-4.134586072739027784e+00
-3.429586852449348910e-01,4.329963701848686952e-01
5.979574435608814298e-01,3.880771999468175082e+00
4.681681817810353863e+00,-9.653491179453341786e-01
7.921859151100090202e-01,2.678161167331633230e+00
-3.512669404141494311e+00,-1.324487690428583164e+00
-2.691169807310310080e+00,-4.701138912464114306e+00
-1.826310646467806720e+00,8.288054184978577155e-01
-1.129869816902156376e+00,2.578750620232358237e+00
-4.594791427485870550e+00,-3.296335732429533039e+00
2.326290463215935134e+00,-3.890994261628488715e-01
4.548003019764022881e+00,4.611472387113325411e+00
-7.203778948197392396e-01,1.710010280198705601e+00
3.062384622184653793e+00,-3.494272838600329667e+00
-4.267113309566560098e+00,-6.260127868166165399e-02
4.237364466362251392e+00,-2.823602859879582372e+00
-4.955958497177757494e+00,1.394473096714183846e+00
3.593324484679399689e+00,9.051173995783834414e-02
1.630958655272505275e+00,-1.996179858861650391e+00
2.522382111855034914e+00,1.023702638624199857e+00
-1.443768618603815224e+00,-2.606648327290090439e+00
1.052400318517367594e+00,-4.346705595033666825e+00
-2.616075613351839912e+00,4.910732872888294409e+00
-2.282130489523876093e+00,-1.382687633090744050e+00
-3.756317335538463809e+00,2.072233405079792590e+00
-1.874841878121129568e-01,-2.182711731338753403e+00
4.516106674491883410e+00,-3.253141339534467047e+00
5.000000000000000000e+00,-5.000000000000000000e+00
3.533000441400867331e+00,-5.000000000000000000e+00
3.004418510880613624e+00,-2.815968518757157035e+00
5.388410926696867165e-01,2.124125800083847437e+00
5.000000000000000000e+00,-3.044876605983338091e+00
-1.304728143671436857e+00,3.380002724770317712e+00
-5.000000000000000000e+00,5.000000000000000000e+00
-5.000000000000000000e+00,5.000000000000000000e+00
-2.100535122509536556e+00,3.239311456639303088e+00
2.837003928701372857e+00,-2.609254889352623064e+00
5.000000000000000000e+00,-5.000000000000000000e+00
-5.000000000000000000e+00,5.000000000000000000e+00
1.842018042497564068e-01,8.462312243824410274e-01
-5.000000000000000000e+00,5.000000000000000000e+00
5.000000000000000000e+00,-3.006666301815377196e+00
-1.334916922840347908e+00,5.000000000000000000e+00
-5.000000000000000000e+00,5.000000000000000000e+00
-1.153869199361515996e+00,3.033335662583196424e+00
-1.500691942893931596e+00,5.000000000000000000e+00
-5.000000000000000000e+00,5.000000000000000000e+00
-5.000000000000000000e+00,5.000000000000000000e+00
-5.000000000000000000e+00,5.000000000000000000e+00
3.130808428973249846e+00,-3.031510298546480797e+00
3.010709372539077222e+00,-3.000211474884188600e+00
-8.619426636467686365e-01,2.258438365715219831e+00
-4.908085340577393652e+00,4.983763886546705990e+00
-4.924737780097103723e+00,4.907074176842865398e+00
3.099399042645572422e+00,-2.948085662731092071e+00
3.105316817483730674e+00,-3.028637041351567749e+00
-4.894182460340906538e+00,4.933149134569745797e+00
-4.920241935164870739e+00,4.938748900872498737e+00
-4.410154415919587123e+00,4.973104534782173403e+00
-4.329632450199699889e+00,4.929681860209541355e+00
-4.903181691444621570e+00,4.936010171686248782e+00
-4.335852539445683718e+00,4.984705650028921298e+00
-7.646172438466507515e-01,2.080608924617485478e+00
-4.880983608508948635e+00,4.987721049071616619e+00
-4.978533806830483854e+00,4.933927267097891090e+00
-4.992952501302037049e+00,4.842695082995343014e+00
-4.969840137846257555e+00,4.945201279204926692e+00
-4.983009947169140474e+00,4.958638581889998065e+00
-4.998378545254796634e+00,4.944004848714930844e+00
-4.943788855539836824e+00,4.968314512184036857e+00
-4.974677464457849752e+00,4.825692037947291624e+00
-4.494712555987476321e+00,4.985484212821646111e+00
-4.562147531939015899e+00,4.997714139028673230e+00
-4.984095051356622896e+00,4.971362058887848434e+00
-4.972075521564347511e+00,4.987856157885662611e+00
-4.954577642549232941e+00,4.997280889180959917e+00
-4.573486596604908527e+00,4.938292412578267232e+00
-4.393170915154534839e+00,4.994461522347631188e+00
-4.935413106302316777e+00,4.847181859247305269e+00
3.258006873277688342e+00,-3.176689092310117424e+00
3.237681767217136297e+00,-3.217717846989313735e+00
3.260490965583539236e+00,-3.183434419122832537e+00
-6.288430447081143626e-01,2.131204612660082987e+00
-4.939272599121430574e+00,4.911871613298586681e+00
-4.507729135451969071e+00,4.958705275707330884e+00
-3.423757114742622676e-01,1.875693665816830169e+00
-4.994673348820466430e+00,4.785477296924064206e+00
-4.958579956870648786e+00,4.765947199671872525e+00
-4.897393661247792629e+00,4.762065147049774794e+00
-4.949326419673336197e+00,4.673583008207488732e+00
-4.874084533016839416e+00,4.984308164172002620e+00
-4.993850607177977352e+00,4.964845387610555605e+00
-4.977318480847578108e+00,4.756214326871484488e+00
-4.984196841880789819e+00,4.998881974545577478e+00
-4.969620671439939130e+00,4.809274668879423231e+00
-4.718264520952302199e+00,4.963676432899632118e+00
-4.721048616317355950e-01,2.004067709528421837e+00
-4.951441560070492187e+00,4.806580423476644270e+00
-4.986528957811446894e+00,4.988978608905162204e+00
-4.967800860303177579e+00,4.711072752616406234e+00
-4.998528179800134197e+00,4.854149840757138179e+00
-4.964982601918829452e+00,4.974249109739696806e+00
-4.872232514152416982e+00,4.994861873594468094e+00
-4.971430437579535955e+00,4.982735872593600845e+00
-4.996672031483559095e+00,4.731242932612651941e+00
-4.982277177520266775e+00,4.692887418956200207e+00
-4.692692255223446907e+00,4.957755349503647935e+00
-4.711616893721203070e+00,4.985573925644747106e+00
-4.981619265034398225e+00,4.944821306652469772e+00
-4.975871468434246658e+00,4.721151578652504455e+00
-4.570674687513673895e+00,4.988755285126122985e+00
-4.996268180591343366e+00,4.953341755859334228e+00
3.101682260044150041e+00,-2.963654671544592833e+00
-4.980164266682348462e+00,4.836883594782817042e+00
5.000000000000000000e+00,-5.000000000000000000e+00
-4.558699448600812332e+00,4.988815888100658569e+00
-4.995470578713235632e+00,4.823208879177926178e+00
-4.979300466759584154e+00,4.987549670486471243e+00
-4.628968051916548809e+00,4.991426376827902800e+00
-4.562950688662287035e+00,4.997139664319131924e+00
-4.592294781365201750e+00,4.958403755008598424e+00
-4.536971598278718432e+00,4.986048447034789888e+00
-4.177430295788350456e+00,4.962517423085788693e+00
-4.057783618380740975e+00,4.988648173074075487e+00
-4.284576284119983924e+00,4.919315765562501497e+00
-4.256285167665798674e+00,4.974204273501886320e+00
-3.945406504815232918e+00,4.962856758314206473e+00
-3.991644020594903086e+00,4.983859723351123705e+00
-3.982197079775704474e+00,4.980964655513981043e+00
-4.076016315852776906e+00,4.983623776300538211e+00
-3.693419878113785693e+00,4.933691054311029944e+00
-3.790951452394139665e+00,4.941439245655445234e+00
-4.063790819381660313e+00,4.938904631134414913e+00
-4.210646308159873286e+00,4.997641922398280201e+00
-4.356255359898144164e+00,4.950638407358974646e+00
-4.943633834179360420e+00,4.834904594215876372e+00
-4.939161873858932239e+00,4.970972533556214046e+00
2.178818306937477800e+00,-2.031548492035795572e+00
2.008300381172844595e+00,-1.811232768352584621e+00
2.140396591410807403e+00,-1.971930184204651493e+00
2.047193317848376992e+00,-1.754217037182592254e+00
1.851068715134872811e+00,-1.594239570027598418e+00
2.156401441708753808e+00,-1.942776742796176848e+00
2.154979414147585537e+00,-2.006416219962721570e+00
-4.936346599964102744e+00,4.830972888651567487e+00
2.505534437537610515e+00,-2.300270473147922434e+00
-4.988570694299673924e+00,4.978885140214890370e+00
-4.969861368764946441e+00,4.997149814851701066e+00
-7.730503670053803233e-01,2.146308406100267518e+00
-4.422054977165736922e+00,4.994107442206946246e+00
-4.951821188208117341e+00,4.846566258565429663e+00
-4.908427535810840681e+00,4.997056084581327440e+00
-4.978712366499956410e+00,4.871278246243351262e+00
-4.995133033698847314e+00,4.981701771224493314e+00
2.547565806891753937e+00,-2.349568094121504025e+00
-4.956415394545072850e+00,4.923330721728918391e+00
-4.995973979346883809e+00,4.878916632541132614e+00
-4.969554549241973262e+00,4.934928310417634023e+00
-4.550079817375355162e+00,4.977655390154868797e+00
-4.244886650487543989e+00,4.995489637185992038e+00
2.532364225791560841e+00,-2.240528659475977236e+00
2.499263471336040432e+00,-2.302597566806053209e+00
-4.555474989266644847e+00,4.997782874722496160e+00
-4.943396633502957549e+00,4.889414763739649672e+00
-4.455514694662286779e+00,4.981635744665315002e+00
-4.444859154325788708e+00,4.997441190195461402e+00
-4.983031654793309784e+00,4.997594050608920924e+00
-3.278984506804736299e-01,1.762548450573734549e+00
-3.296751321476030228e-01,1.709618729105979895e+00
-2.953063554614585584e-01,1.767362337743446865e+00
-3.134880271212372449e-01,1.672689661748262502e+00
-2.378875571906835518e-01,1.685601601291963902e+00
-3.729210822434749772e-01,1.810517291553633612e+00
-4.269855200995724687e-01,1.815327460427729633e+00
-3.152064085361594437e-01,1.774635338007596097e+00
-4.774572834335666371e-01,1.814232062778212473e+00
-3.745530981075901877e-01,1.739147723089509157e+00
-2.742814312039172364e-01,1.660299059681296541e+00
-6.288624909432272148e-01,2.095690525838861618e+00
-3.754226694098194983e-01,1.821825423531324262e+00
-3.112241974338090245e-01,1.761786697359055687e+00
-3.205627219860796018e-01,1.699535058133248455e+00
-7.403095058050324084e-01,2.265932519947555512e+00
-8.294358774203578477e-01,2.287473327503298570e+00
-6.435852947840281502e-01,2.113401044903683079e+00
-7.679692845530787793e-01,2.120459702735697505e+00
-7.967144732867703638e-01,2.191944373222169062e+00
-4.732357403555340625e-01,1.873108246949354516e+00
-3.495671664178079396e-01,1.841743952058740419e+00
-6.787023228792721241e-01,2.232025374416680918e+00
-4.972519884681058322e+00,4.951534567228620176e+00
-4.949726183418455605e+00,4.985968934851644718e+00
2.592238179684347443e-01,8.167052779996106793e-01
-4.953630290476903397e+00,4.933957697271631915e+00
-4.998380286998688860e+00,4.803466304360403782e+00
-4.994796559302391081e+00,4.782987716316618787e+00
-4.470992823226805690e+00,4.957757103449754510e+00
-1.440179316306074320e+00,2.992346549498817510e+00
-4.900705809063067520e+00,4.988699567490256115e+00
-4.989385385838085440e+00,4.987450573835513268e+00
-4.613438538954761192e+00,4.980886594902305120e+00
-4.983894396918412184e+00,4.984139186639529484e+00
-4.348387048022643420e+00,4.988273824523343336e+00
2.822175078613621935e+00,-2.505465617452400817e+00
-7.445734157600618630e-01,2.456623266153901142e+00
-7.245837707288114160e-01,2.550957639211795858e+00
-7.470778804916662352e-01,2.510791157190579881e+00
-6.956527040405147133e-01,2.455237097615253106e+00
-8.967662739807167327e-01,2.561776159088510418e+00
-4.969855964930415482e+00,4.756186683964108042e+00
-4.973543960940026487e+00,4.966856164864090317e+00
-6.495785821723663034e-01,2.409179721458288626e+00
-4.964173146717064888e+00,4.722876479877553990e+00
-4.979252999286926773e+00,4.981198526003788984e+00
1.167785028700567551e-01,1.233895615344358099e+00
2.212894358086039404e-01,9.856503279162209807e-01
1.636569451402021258e-01,1.141133052392983238e+00
-4.991292189083400110e+00,4.882165029370378662e+00
1.492016332159558090e-01,1.116457192840059065e+00
1.551391361022265158e-01,1.215946890864123553e+00
2.049999918007925359e-01,1.131494041889331115e+00
1.695846460339076600e-01,1.175451915440445916e+00
1.089626249617694498e-01,1.242735526378927702e+00
1.368269680387159681e-01,1.195619980890921141e+00
-4.970661132538666926e+00,4.772332345587210867e+00
5.211525499127915850e-01,4.071435144814961049e-01
-4.998294387682094886e+00,4.792061485335864290e+00
-4.994519818282769918e+00,4.720794910961977564e+00
-4.942647944676971328e+00,4.729623183651751717e+00
-4.988970119556425331e+00,4.704727504799697257e+00
-4.965683425629863201e+00,4.779506689814219556e+00
-4.984061093859126323e+00,4.369174041094566974e+00
-4.948198122072423821e+00,4.827059663353864494e+00
-4.987221452342303962e+00,4.967144536188062176e+00
-4.990706451364632201e+00,4.787571696888694106e+00
-4.905350339984805963e+00,4.994176459158122583e+00
-4.943538203160856348e+00,4.646955075911570532e+00
-4.963042497861473556e+00,4.710482836990498967e+00
-4.935849060535843158e+00,4.966111360274567232e+00
4.210575634062490025e-01,5.920405885250623612e-01
5.030729562060614057e-01,5.002196067507389543e-01
-4.971511456300312659e+00,4.997240574885635667e+00
4.941217284702803525e-01,4.024359585846966070e-01
5.919327322853167317e-01,3.800803887619030874e-01
4.384060242063387847e-01,5.657832453160294151e-01
4.876972631082034937e-01,3.569683482747443293e-01
3.226279713130342230e-01,8.271405983515673910e-01
1.538891451797503862e-01,1.026576596895244720e+00
1.753246234728997877e-01,1.069824813386405005e+00
2.350611156615070030e-01,9.316127875448358964e-01
-4.970915806104867052e+00,4.760067510600096696e+00
-4.998710981751806948e+00,4.843230143265692789e+00
2.765728797685973461e-02,1.264103757560679497e+00
-4.980346740738185396e+00,4.942236872660375369e+00
-4.990174700498415383e+00,4.876875946275484708e+00
1.643093640235095521e+00,-1.392490968479445534e+00
1.580198311546444856e+00,-1.318828322405747766e+00
1.679913595257338521e+00,-1.400083905536377404e+00
-4.964824374239432458e+00,4.988654834227819634e+00
-2.764379587578780217e-01,1.825091596426501539e+00
-4.987162889359858298e+00,4.993666548642066161e+00
1.922828231109630970e+00,-1.719162736364558519e+00
1.865248786410667492e+00,-1.631763719477675068e+00
1.819092505597232901e+00,-1.550781432927299974e+00
1.855535755357820449e+00,-1.598907866021876512e+00
1.850251765284713024e+00,-1.695549328345666407e+00
-4.979843533728521621e+00,4.952798206840249406e+00
1.460692243198876028e+00,-1.100189576145677250e+00
-4.634561407983372128e+00,4.981166405128025332e+00
-4.961045823726463411e+00,4.713855179630233039e+00
-4.983432380275369056e+00,4.842461123810926082e+00
-4.995235467083038117e+00,4.827831196175797146e+00
-4.948117110033047439e+00,4.808142801005338640e+00
2.552631302883443531e+00,-2.321994160669407670e+00
5.476954703644674183e-01,3.313442938281010441e-01
6.370454950561512675e-01,1.783280453259186160e-01
5.371818219289403729e-01,3.369712266834055114e-01
-4.965865723807373122e+00,4.730402644561040759e+00
-4.761090195840176342e+00,4.996619339864963649e+00
5.315022971278047237e-01,4.434073222577028517e-01
-4.929313943854297442e+00,4.979005930453240580e+00
4.561181382772900861e-01,5.189685028737418548e-01
5.108850249740708449e-01,4.380028876898789392e-01
6.656036703565737511e-01,1.911489445925056430e-01
2.837197766535517474e-01,8.775405991708549180e-01
3.418714410065728515e-01,7.826234576112112151e-01
3.060798905769681610e-01,7.453881748018407194e-01
-4.992272528697808909e+00,4.743649606369347183e+00
2.661942554287115570e-01,9.237220872662188498e-01
-4.977892217638457240e+00,4.711514968746786991e+00
-4.618394753738899183e+00,4.992357528442440184e+00
-4.986141867242150916e+00,4.742999363788056755e+00
-4.428386494564353626e-01,2.041889550847089119e+00
-3.802052144819745294e-01,1.878430718788535181e+00
-4.947774714402354945e+00,4.910981030804041580e+00
-3.373266674804566989e-01,1.746665643950883862e+00
4.614912495727686803e+00,4.846994675289161947e+00
2.881902976745794653e+00,-2.183041311578554744e+00
-4.390633672252616471e+00,2.038619917358044376e+00
5.203239363754370572e-01,3.428887880686147582e+00
-6.217637190587224083e-01,3.880264828545760381e+00
2.372640529507600071e+00,-3.907039659569452539e+00
-3.517837253533225184e+00,2.451237285829171775e+00
-2.416751869351294602e-01,-4.445743604938746429e+00
-2.606560653791831328e+00,4.416573396198620216e+00
7.920830439035437820e-01,1.188756282178876411e+00
-4.718912806704697260e+00,6.525483824557509749e-01
1.089551002636514276e+00,-4.694501151419641083e+00
3.829000310337844937e+00,4.144538270509993794e+00
2.049030156263552449e+00,1.365566730634957260e+00
-1.727643720837270358e+00,3.249452264944762803e+00
3.371166798613268512e+00,-9.457905597037079559e-01
-3.033869408449736849e+00,-2.937646179330914542e+00
-3.764190254749434139e+00,-4.264970092209280139e+00
1.634589202201611968e+00,-3.069372734805749126e+00
-1.153467238492265956e+00,-6.524512658653458530e-01
4.671911561523074852e+00,-3.440803879204036519e+00
-2.308948170409302225e+00,7.703532757981879087e-02
3.195822497825883346e+00,8.605058599847614786e-01
4.218423700378458818e+00,-1.901961839144115096e+00
-4.032038453507023057e+00,-1.491847706386704164e+00
1.929051330003694886e-02,-9.467521247518284611e-02
-7.419791940070084024e-01,1.964514472391302391e+00
-1.450107661688512017e+00,-2.430295367693169339e+00
-2.815909007543426323e+00,-1.121477621506669742e+00
1.701794159256262873e+00,2.812397924000346272e+00
2.042879342718121549e+00,-2.673930724375619405e-01
5.000000000000000000e+00,-5.000000000000000000e+00
5.000000000000000000e+00,-5.000000000000000000e+00
5.000000000000000000e+00,-5.000000000000000000e+00
-7.247202817832389954e-01,4.256140854419953712e+00
2.682177687587965487e+00,1.559142082012099806e+00
5.000000000000000000e+00,-5.000000000000000000e+00
5.000000000000000000e+00,-5.000000000000000000e+00
-5.000000000000000000e+00,5.000000000000000000e+00
5.000000000000000000e+00,-5.000000000000000000e+00
-5.000000000000000000e+00,5.000000000000000000e+00
-5.000000000000000000e+00,5.000000000000000000e+00
-5.000000000000000000e+00,5.000000000000000000e+00
-5.000000000000000000e+00,5.000000000000000000e+00
-5.000000000000000000e+00,5.000000000000000000e+00
-4.961911739732301818e+00,4.919909728137257687e+00
-4.991205048072914430e+00,4.980669075048991701e+00
-4.422055822597469543e+00,4.934640731275166559e+00
-4.473673955702759386e+00,4.976496724869884147e+00
-4.961371508123825436e+00,4.998620214111495486e+00
-4.910050676574599038e+00,4.918792646975212790e+00
-4.976375678322354723e+00,4.998003790474502495e+00
-4.891524043953513257e+00,4.990402710206659265e+00
-4.970542857134083725e+00,4.869329369161546239e+00
-4.964451762055529294e+00,4.961460397158273139e+00
-4.958779057306239579e+00,4.848638876898105465e+00
-4.992923102324758666e+00,4.780813040107403822e+00
-4.981696418492985501e+00,4.755965692285075264e+00
-4.985122107831046812e+00,4.966578890851158334e+00
-4.941900053954945804e+00,4.956456748139745017e+00
-4.961434791814764544e+00,4.984248969705108223e+00
-4.975208287795048534e+00,4.783877495258598955e+00
-4.990230892473928925e+00,4.796244310438895653e+00
-4.676682552861279873e+00,4.974398934662545457e+00
-4.993424438838000690e+00,4.917472269863981893e+00
-4.980439977990359424e+00,4.743135910099070429e+00
-4.998165797072237737e+00,4.997981147098876420e+00
-4.493375253991853668e+00,4.941032784092797669e+00
-4.630270059788143655e+00,4.911805431806877564e+00
-4.992834813328756560e+00,4.915753638976230633e+00
-4.659888352766149211e+00,4.954057656920106467e+00
-4.478384629297226027e+00,4.977190206261937533e+00
-4.974595698663400789e+00,4.804578261595098709e+00
-4.500566225763066086e+00,4.950817103125480401e+00
-4.519136078782528543e+00,4.962305943191575253e+00
-4.517212481253169543e+00,4.986639196882455494e+00
-4.998384197969646614e+00,4.847365655494158432e+00
-4.668491990052261009e+00,4.961410250761916885e+00
-4.999115727212747551e+00,4.938860108052509190e+00
-4.302245251013798288e+00,4.983434127177156725e+00
-4.596029294939347309e+00,4.956447177022312189e+00
-4.659525869280618515e+00,4.993631394869463946e+00
-4.627197190503667734e+00,4.952816745320491876e+00
-4.578893134653574393e+00,4.929856913196156043e+00
-4.548599386689336832e+00,4.954274573329751519e+00
-4.468940996931345389e+00,4.977492670881900949e+00
-4.944638039142119190e+00,4.784998360738937251e+00
-4.581088703736163836e+00,4.925067055893512347e+00
-4.929509428829829787e+00,4.912718391567999277e+00
-4.978189808375037551e+00,4.758717541118219430e+00
-4.979851684948126689e+00,4.746638913523010928e+00
-4.986392541969189907e+00,4.863787050719318827e+00
-4.964060371710794506e+00,4.854883252886491363e+00
-4.993936571544486114e+00,4.545067620171890255e+00
-4.982958481915879645e+00,4.845141093151925205e+00
-4.989224357405425359e+00,4.938750811930106011e+00
-4.921526509431984664e+00,4.931439894715154537e+00
-4.523174178441134785e+00,4.999725643752746862e+00
-4.947462149786497676e+00,4.944548411265834886e+00
-4.929870148039694477e+00,4.983599609374380179e+00
-4.974765733664754386e+00,4.988799382363122703e+00
3.381953432114300995e+00,-2.592038384341140311e+00
-4.359300106625595639e+00,4.977447787523621159e+00
-4.996066503610927079e+00,4.929052007885296405e+00
-4.999007569062027478e+00,4.862722232335269013e+00
-4.983277327122805467e+00,4.814271400238803622e+00
-4.400293421262954752e+00,4.969601588073196297e+00
-4.994807072046834939e+00,4.856611856615634437e+00
-4.990876531589410803e+00,4.995655601591224126e+00
-4.994593997123550011e+00,4.749812786157281863e+00
-4.996052441038393077e+00,4.503238244827066694e+00
-4.905703907834078059e+00,4.497943950970755722e+00
-4.967683774248937922e+00,4.837272669868440289e+00
-4.950691740123760454e+00,4.778700163208140950e+00
-4.929135133253216061e+00,4.979598473511973822e+00
-4.246713127506925645e+00,4.998083000720423996e+00
-4.438732484963276548e+00,4.996549059129348436e+00
-4.975242784220070824e+00,4.987693571743696097e+00
-4.546805967794099956e+00,4.999322568346638462e+00
-4.992244005267364670e+00,4.932803164474066193e+00
-4.486575192865140060e+00,4.999727374939114455e+00
-4.051262631475543330e+00,4.997829189802235561e+00
-4.978060633366660603e+00,4.719361519853585207e+00
-4.944455322389687879e+00,4.914415630801844515e+00
3.247500729327116531e+00,-2.471770863508648386e+00
3.295943158128897821e+00,-2.503674360698609380e+00
3.187416119769098444e+00,-2.352657343273607982e+00
3.156452383471195944e+00,-2.294581260084175955e+00
3.297148113412108117e+00,-2.617307596609053544e+00
3.268078220402516720e+00,-2.391184751024871158e+00
3.280762648652931546e+00,-2.645680119141704978e+00
3.095729190170473544e+00,-2.279848758198303571e+00
2.976883802007500357e+00,-2.315843428511769719e+00
2.939726804137851701e+00,-2.139571034991933463e+00
3.019360321417266846e+00,-2.232063443228218702e+00
3.228963804513968583e+00,-2.579872544843124338e+00
3.302484552004473883e+00,-2.603844839277170031e+00
3.208499744964871780e+00,-2.582969072644312636e+00
3.313828134574235307e+00,-2.603196930539790177e+00
3.368092697079287490e+00,-2.501469219571014868e+00
3.295252374196939726e+00,-2.513285522485598111e+00
3.141612844185253550e+00,-2.323594610642989000e+00
3.151076611456307575e+00,-2.480103205846650560e+00
3.037378280744679415e+00,-2.164766585745669492e+00
3.359700087423656001e+00,-2.752818430733292132e+00
3.322226491235340973e+00,-2.578934295488987782e+00
2.906804722775167882e+00,-2.131609783571499328e+00
3.654612039832732862e+00,-3.018842912568380665e+00
-4.971920835692245078e+00,4.927556252608111365e+00
3.686839337862156896e+00,-3.020941335791282434e+00
1.990687720112736869e+00,-1.009552631826331481e+00
2.139462322578155273e+00,-1.129892960687779446e+00
-4.946969527449001092e+00,4.837851570599584150e+00
-4.962901284140058600e+00,4.977486805644666390e+00
2.203635520655064184e+00,-1.199043612043734441e+00
-4.998550400658726467e+00,4.843984398648276013e+00
-4.954273729897010980e+00,4.769890243145265885e+00
3.922649820078497385e+00,-3.420553092247987426e+00
-4.944027619766061754e+00,4.625502139779767319e+00
-4.485113059974078276e+00,4.994824105803244763e+00
-4.973022013471378955e+00,4.920459576844192995e+00
-4.994139592340728129e+00,4.984407364756448189e+00
-4.998887891107703929e+00,4.971605848868133393e+00
-4.976939195300738916e+00,4.945827824811173556e+00
-4.605048603725641954e+00,4.994813194875725060e+00
-4.158440546164971607e+00,4.991309061411079995e+00
-4.921282305603687846e+00,4.922074767953329655e+00
-4.973480883519227014e+00,4.803309564048701574e+00
-4.703051252001954730e+00,4.976860646334467120e+00
3.804565100086913176e+00,-3.262733172207494370e+00
-4.987222210103613662e+00,4.936615412455347851e+00
8.086712171993113429e-01,4.781285263379846384e-01
7.769118014833056307e-01,5.293932834682957278e-01
-4.989859198359734016e+00,4.982332948719319532e+00
-4.976242381508132695e+00,4.698320864813195996e+00
-4.994774694656026526e+00,4.991220698646619880e+00
8.276904468273045268e-01,4.659424783576504581e-01
8.045785658351514158e-01,4.677991801929284321e-01
-4.979681434308764310e+00,4.576460625829916751e+00
-4.952185131723475742e+00,4.979253830365529154e+00
-4.994017045573934332e+00,4.796160375528897291e+00
-4.992857363437776641e+00,4.826267598751224241e+00
-4.954005714042930109e+00,4.613372816869537374e+00
-4.997623478312897660e+00,4.749628811014417806e+00
-4.997877308862685553e+00,4.752009043770181407e+00
3.841021345826668210e+00,-4.959814664474851753e+00
-4.988308024216009606e+00,4.718608540945810503e+00
-4.966139709055648943e+00,4.753944289215413121e+00
-4.968482911746213482e+00,4.938227293054119116e+00
-4.980586725246625157e+00,4.620944752400298228e+00
-4.947481867721702287e+00,4.711293224881689667e+00
-4.992539004077142017e+00,4.751498147719088294e+00
-4.975699021657425725e+00,4.733033364221524764e+00
4.946943979674218284e+00,-3.058987041605671475e+00
4.981978295449884797e+00,-3.048918376496059679e+00
4.936442886571587252e+00,-2.968964879538147805e+00
-4.982754692930021712e+00,4.685118729285742134e+00
-4.998305387147924606e+00,4.898792767105668133e+00
-4.929019638079013887e+00,4.994537149871362658e+00
-4.964822961731721662e+00,4.993097385799750043e+00
-4.995927337653659706e+00,4.932306321725537401e+00
-4.611661030203975109e+00,4.982093334344725122e+00
-4.976598729434237534e+00,4.920214113258833066e+00
-4.674897625993002848e+00,4.983911519399113033e+00
-4.576033671521520851e+00,4.979405791972602913e+00
-4.969019131925331401e+00,4.723966450625155744e+00
-4.992189658696399412e+00,4.765352727409288391e+00
-4.984215220507194566e+00,4.704637580149451992e+00
-4.649495216693106947e+00,4.989136362876216424e+00
-4.990304680118851977e+00,4.935934330290731253e+00
4.955898956185198045e+00,-2.926955624058209082e+00
-4.987436003350654623e+00,4.733135037572159476e+00
-4.685057027738266378e+00,4.989937979335172358e+00
-4.856247892987670234e+00,4.984299943464314708e+00
4.991126171777306553e+00,-3.102555449079272165e+00
-4.989532292675295189e+00,4.729151516297436686e+00
-4.901371920176064378e+00,4.999272132549551273e+00
1.973005329239368777e+00,-1.019073708043022108e+00
1.960199469905145264e+00,-9.495364344877152973e-01
1.965439517992840557e+00,-9.560088203023404674e-01
-4.995853814256557612e+00,4.595248319823809879e+00
-4.543318474570110510e+00,4.985194598107476338e+00
-4.980926735006917738e+00,4.946230403638304907e+00
-4.546635168397874516e+00,4.986987289302422965e+00
-3.142858262023605409e+00,4.997143140059167266e+00
3.062686243072914039e-01,1.189733947051293761e+00
2.321885325852068860e-01,1.179424211621823204e+00
2.255528653362084412e-01,1.328807921887983134e+00
2.204581686917430616e-01,1.294069649981215875e+00
2.163990233751977854e-01,1.252731985992523889e+00
2.578521226710037695e-01,1.254248964147809176e+00
3.165690664785056896e-01,1.152415090382326035e+00
1.912550411297058162e-01,1.310703820139375253e+00
-4.983355578048662693e+00,4.993677765510582844e+00
2.917531622581561734e-01,1.217440867615029454e+00
1.248975970511104983e+00,-5.906067772683520900e-02
-4.910622363254796063e+00,4.965941048154578041e+00
1.188881538664664284e+00,-3.398734264182579068e-03
1.182364297074212089e+00,-1.350470504950962436e-02
-2.621383234525112016e-01,1.823439823448288699e+00
-4.993445642867041734e+00,4.767593503862585180e+00
-4.962945630459665303e+00,4.681512012393824307e+00
-4.789005036966249129e+00,4.997544826708406163e+00
-4.898546729848916037e+00,4.998978913227235310e+00
2.246843943778340957e+00,-1.103394992283130982e+00
2.119544703007488096e+00,-1.060555400996871178e+00
2.165971323508790292e+00,-1.050921135827047603e+00
2.154609019301590322e+00,-1.171476622130513956e+00
2.101016337016220703e+00,-9.649923886823010832e-01
2.096375043414116845e+00,-1.058176677470271443e+00
2.152658598763602882e+00,-9.923686006119005754e-01
2.058741603611203175e+00,-1.071692285777292586e+00
2.163806374299689139e+00,-1.146265630957926440e+00
-4.970532106395465277e+00,4.960479271755666275e+00
2.131065379995212616e+00,-1.005800845422690770e+00
2.081522148001795358e+00,-1.078871333941509025e+00
2.134200762909039817e+00,-1.143325335773211826e+00
2.082826560204190436e+00,-1.042751893510416306e+00
2.096826421624468750e+00,-1.132119692936183419e+00
2.036744957288325608e+00,-1.058461765781965269e+00
2.075214222439293543e+00,-1.015808451276900559e+00
2.111172711411244407e+00,-1.030065407725663462e+00
2.169500284165636117e+00,-1.295191298320865325e+00
2.128110018943912607e+00,-1.052486050783824290e+00
2.097178623401739550e+00,-1.163536349323721630e+00
2.242173447675445352e+00,-1.244925753032148918e+00
2.097486147203167839e+00,-1.094533409857065820e+00
2.055932653667513321e+00,-1.088913964381189814e+00
-4.998952160455884197e+00,4.775127816172696882e+00
2.203441900654579122e+00,-1.194320236199324370e+00
1.993475454762983823e+00,-1.064345281533776166e+00
2.033316515057824958e+00,-1.071930526102637060e+00
-4.974818179580140054e+00,4.729884410601110645e+00
4.977651807389845473e+00,-4.979483739724421376e+00
4.931363792248516731e+00,-4.936229926087873920e+00
-4.986637242471437581e+00,4.971341552196797409e+00
4.995571926340733881e+00,-4.931775402121476581e+00
4.760070158457581968e+00,-4.983845351483876307e+00
-4.952916757542079829e+00,4.977723740832164623e+00
4.979585304898751730e+00,-4.871404555572899753e+00
4.872739965586976751e+00,-4.990625358741405115e+00
4.977976038015514249e+00,-4.989677767118712026e+00
4.954976788166327140e+00,-4.986096253642162246e+00
3.934019114022891728e+00,-4.985814339419156305e+00
4.936056301171030114e+00,-4.975906513892007332e+00
4.859939429133072863e+00,-4.998556632816406164e+00
4.990906429066384931e+00,-4.881644538007392065e+00
4.867628363946771231e+00,-4.949960510545871273e+00
4.989248386364051768e+00,-4.905065960512788870e+00
4.920901344405061550e+00,-4.981354777897983865e+00
4.774708447526363031e+00,-4.983398497745867850e+00
-4.939540085556317628e+00,4.970518877881470843e+00
4.977856741493059900e+00,-4.898219289537276921e+00
4.966926712269687627e+00,-4.917439796533664698e+00
4.986605283107843789e+00,-4.971148491069042663e+00
4.948308559107930549e+00,-4.934752633158804080e+00
4.957682886596350258e+00,-4.948777677689785826e+00
-4.992956820651587968e+00,4.777605099095660890e+00
4.861100654107028518e+00,-4.943974682108601471e+00
4.983834100869522388e+00,-4.996448468527879605e+00
-4.916953944779585584e+00,-4.148178530462471869e-01
-4.640682046263863825e+00,1.018709442058488790e+00
3.988368978435161694e+00,2.894217517861931377e+00
-3.857698259540416785e+00,5.934748236807463329e-01
2.753020733119929453e+00,1.557189681572749507e+00
2.571064973534722853e+00,-1.720521798596195584e+00
9.259951377996706867e-01,-3.040876917201657204e+00
3.281993364972205285e+00,-8.455717515499889814e-01
4.326186870755602598e+00,4.775387050792385679e+00
-8.875635220344637588e-01,-3.391555995205008056e+00
3.511229174684110887e+00,2.079223582179161589e+00
4.551206450673969783e+00,4.392652911849204145e-02
-1.875670200945344313e+00,8.663788930448497183e-01
-1.059026171171787212e+00,3.641659044802272760e+00
4.933162423765635296e+00,-4.683556205462823030e+00
-1.480777807323203632e-01,-1.213038700722841590e+00
5.331569476783233341e-01,3.138347552053389222e+00
-3.080041982852970150e+00,2.584306129935354690e+00
-4.316617077203205532e+00,4.087749467109910384e+00
1.024783958460240285e-02,-2.601132424534039256e+00
-2.060535800268728401e+00,-3.855860527417531713e+00
-4.819838210641318454e-01,4.386745542476148785e+00
-2.991721602324434404e+00,3.861596425690873247e+00
-2.526490134818867084e+00,-2.774450162836664902e+00
1.748387755863091364e+00,1.667134232861742227e+00
1.269484887647399418e+00,-4.466395297729784275e+00
1.447262972430087835e+00,-1.503752335615291091e+00
-3.391077420322738512e+00,-2.031505150877797483e+00
-1.536139465422530659e+00,-2.675363936034784729e-01
2.193717108436283425e+00,-4.299750842073688517e+00
-3.072548137825247938e+00,2.942052430879936509e+00
-2.016751507401851384e+00,2.773000460215771845e+00
-5.000000000000000000e+00,3.187097659397743143e+00
-1.459137130955932449e+00,2.610621371383144762e+00
-3.429660250721910941e+00,5.000000000000000000e+00
-3.150908862429340651e+00,5.000000000000000000e+00
-2.415984958322775711e+00,5.000000000000000000e+00
-2.963780328088580607e+00,4.200021121015112158e+00
-3.010121047434440644e+00,4.116998532646920950e+00
-2.915896501530877316e+00,4.097281160301712077e+00
-2.965479439739098666e+00,4.168538766583644417e+00
-3.121042436164538803e+00,4.398206356912169213e+00
-3.021699810028304789e+00,4.329842548821581261e+00
-3.054839606290407517e+00,4.359488959171780920e+00
-2.898802418704531814e+00,4.157969457095227028e+00
-2.835848694652578939e+00,4.011610163673974938e+00
-2.958705851620440530e+00,3.935867612708335628e+00
-2.800941787697698970e+00,3.976316758812117769e+00
-3.101438156413606873e+00,4.160145111119284422e+00
-2.981592037902506931e+00,4.198332187788055947e+00
-3.040156733991245641e+00,4.160754251841435547e+00
-3.074309281786137937e+00,4.127921325256771468e+00
-3.034366259908492403e+00,4.203838784790969285e+00
-3.135222186317824900e+00,4.318670050696848506e+00
-3.080243370274254211e+00,4.298635810896161757e+00
-3.134762834830039147e+00,4.366857692364622068e+00
-3.082616778462740736e+00,4.309971657669921186e+00
-2.908662442326351183e+00,3.949492270395412064e+00
-3.197478671627685731e+00,4.514426466828755480e+00
-3.136070251798883213e+00,4.499015411615317817e+00
-2.905028997709817151e+00,4.033791232883508826e+00
-3.105183575151133191e+00,4.273253971791092454e+00
-2.969081649401484224e+00,4.392796902447717144e+00
-3.176488478634889923e+00,4.691387941733541567e+00
-2.712523113538640285e+00,3.907873085996767415e+00
-2.950888933452207485e+00,4.445020361057947511e+00
-3.042005989027436019e+00,4.419305291574408656e+00
-2.739417439396318432e+00,3.928993979869758846e+00
-2.703504769524543327e+00,3.909574533563471732e+00
-2.740505720421560376e+00,4.016445594889157533e+00
-2.641473244360649897e+00,3.835239914421158858e+00
-2.649214519167489179e+00,3.940739039372321173e+00
-2.513802079147849255e+00,3.781325132202240979e+00
-2.575844850661282326e+00,3.823492612402430879e+00
-2.465787242582808236e+00,3.533979408191205707e+00
-2.437160203518316415e+00,3.450840670955598100e+00
-2.421715997651056718e+00,3.249687944571448384e+00
-2.336289454130997978e+00,3.254995214197823117e+00
-2.294729708749491781e+00,3.322739000597374925e+00
-2.223674762660202031e+00,3.368473085133587119e+00
-2.377721053961891595e+00,3.419276714167866160e+00
-2.377099656231609792e+00,3.545899144878148945e+00
-2.442492683668239906e+00,3.494693872570532989e+00
-2.428794762130739748e+00,3.561360686417156529e+00
-2.506682539124045928e+00,3.606278376254140383e+00
-2.543383162078938664e+00,3.622923900694859256e+00
-2.493328463908592418e+00,3.499721285549053817e+00
-2.368165632524042330e+00,3.643540944068389464e+00
-2.387317323256660906e+00,3.633427462486837456e+00
-2.402568531916993599e+00,3.553153127934546518e+00
-2.470581239926954886e+00,3.433244699889700158e+00
-2.311553023029016440e+00,3.499313792258334388e+00
-2.403694864421485722e+00,3.492768212528060801e+00
-2.459550383649413252e+00,3.737046520510405756e+00
-2.422231825399714822e+00,3.604857099470935466e+00
-2.613127527515935355e+00,3.587981108064235869e+00
-2.395117625121428340e+00,3.502091816449510731e+00
-2.426459473155175406e+00,3.547517217942557366e+00
-2.580121066568791921e+00,3.588867074705312632e+00
-2.479378654143851612e+00,3.583910592234714088e+00
-2.542885148040967103e+00,3.719019519428826470e+00
-2.450470586852355304e+00,3.589493957468443242e+00
-2.474403402230831883e+00,3.541333734269686673e+00
-2.603049595723923471e+00,3.839882111163788636e+00
-2.542549694054751619e+00,3.847047018929583118e+00
-2.544991577287236240e+00,3.728381382120824483e+00
-2.435846886429815061e+00,3.569143019825627761e+00
-2.510725880489940831e+00,3.574948213196204705e+00
-2.523324023135650851e+00,3.571347819741321317e+00
-2.353032663956444281e+00,3.472989893960185981e+00
-2.474164294314018964e+00,3.567420760772909816e+00
-2.423242196319938646e+00,3.634322561709854682e+00
-2.427882467639328912e+00,3.566187026758658618e+00
-2.501222762384954112e+00,3.645876477996862874e+00
-2.610619926046034323e+00,3.605771123792148813e+00
-2.468470316041371682e+00,3.625963234569084648e+00
-2.454826365086699269e+00,3.564603989408590579e+00
-2.393212897868255862e+00,3.612453963048121608e+00
-2.492039296590918163e+00,3.618178148267345406e+00
-2.482167135006734693e+00,3.627927578828330724e+00
-2.492413161241980202e+00,3.607385295581575946e+00
-2.569963238440011288e+00,3.646852638939316549e+00
-2.566063733995578744e+00,3.678652803695870332e+00
-2.508782846923738763e+00,3.686683339842693030e+00
-2.489970744040763240e+00,3.760231452741770397e+00
-2.727697254859611675e+00,3.908205900525537402e+00
-2.717001385083323672e+00,3.911260400560161443e+00
-2.652392357995922545e+00,3.924296344471967402e+00
-2.585949625412368835e+00,3.798179081469418961e+00
-2.721075836315820951e+00,3.922467797738512729e+00
-2.528422802619812337e+00,3.666020599645799294e+00
-2.764478194619459206e+00,4.105428251891433789e+00
-2.683340616051603345e+00,4.030288203437795147e+00
-2.788851053646884015e+00,4.042887621731260595e+00
-2.610906735271696810e+00,3.895909909119732006e+00
-2.584166463664942626e+00,3.902577540689559754e+00
-2.642374237610131793e+00,3.944361701395880715e+00
-2.517684186088875897e+00,3.757751717247787226e+00
-2.569672820807313407e+00,3.778638445181716321e+00
-2.519500891717847857e+00,3.652700948125691127e+00
-2.668369519552790781e+00,3.968364959393356983e+00
-2.800479018631589323e+00,3.928983757846449265e+00
-2.628593749776207300e+00,3.967256281603134482e+00
-2.645380447362140508e+00,3.977409270856327339e+00
-2.536779317240079212e+00,3.671309511751218224e+00
-2.537272994936998316e+00,3.838442727325174886e+00
-2.789432695930844197e+00,3.865113922660137646e+00
-2.536940829894779981e+00,3.811855189619212325e+00
-2.758106477113025257e+00,4.030966389748577683e+00
-2.825307286110716021e+00,3.922839800091564300e+00
-2.825810220663967254e+00,4.012716672599696111e+00
-2.745896393195839558e+00,3.980960099975966671e+00
-2.599515721249558542e+00,3.682143580063662824e+00
-2.818202479662866189e+00,4.119515015800965685e+00
-2.528538037949501938e+00,3.583037504904758919e+00
-2.524448972726776486e+00,3.712862597595748326e+00
-2.489134155878213850e+00,3.726335380997841895e+00
-2.467152748317987143e+00,3.615637543460554326e+00
-2.453060776279329502e+00,3.658658987817899444e+00
-2.582789125633522698e+00,3.659302104789913912e+00
-2.453903380852515248e+00,3.540329718271488346e+00
-2.609480133033283522e+00,3.685730276715910136e+00
-2.554113469875609166e+00,3.656133415353025384e+00
-2.538719648950658492e+00,3.748382988813945715e+00
-2.625538031642249859e+00,3.656249685498423219e+00
-2.771610856132851630e+00,3.913345878006797562e+00
-2.745127352423577971e+00,3.964624628659324301e+00
-2.853168829327581868e+00,3.967372185541378826e+00
-2.668297449946094968e+00,3.924132283933639442e+00
-2.783344428155450245e+00,3.976227934144681342e+00
-2.768035348875450996e+00,3.850038874981503767e+00
-2.804569311653280383e+00,3.951455025587677028e+00
-2.773054532724848364e+00,3.876924287153345361e+00
-2.635447098707417002e+00,3.699649387357103691e+00
-2.841083365824568663e+00,3.884987415587161763e+00
-2.788457450187070030e+00,4.007170296396591169e+00
-2.580999682158675146e+00,3.720880427006209246e+00
-2.788695233561834907e+00,3.964796816546336089e+00
-2.597895493111798793e+00,3.869424206557821933e+00
-2.551347223807633569e+00,3.776853620365344000e+00
-2.466046849756820425e+00,3.711808012616925723e+00
-2.734608220712582582e+00,3.980965811249975062e+00
-2.757653873123524946e+00,3.963032734832513171e+00
-2.704508927726832379e+00,3.941787186246287433e+00
-2.775959946486299845e+00,4.018370970483710281e+00
-2.475713685147174381e+00,3.648284505185007021e+00
-2.541534750941590204e+00,3.593541427816701272e+00
-2.461751125861835643e+00,3.643035439867883696e+00
-2.400215338649973162e+00,3.597821566990980102e+00
-2.450536871267448458e+00,3.601940301840691916e+00
-2.464094529956422530e+00,3.600065311471688290e+00
-2.414125584167783778e+00,3.444238290949577674e+00
-2.626240187905019674e+00,3.928674917116383725e+00
-2.840539984855586120e+00,4.042443945977680642e+00
-2.818004297934512792e+00,4.134745587210996831e+00
-2.659366042321087864e+00,4.007741979479783723e+00
-2.684489316110413970e+00,4.019151806179776187e+00
-2.755663903556097694e+00,3.954191736610736641e+00
-2.683654684183498951e+00,4.049846079189144632e+00
-2.802537284549202923e+00,4.070739832432320071e+00
-2.764997220994720006e+00,4.039401502223839202e+00
-2.528381778255007095e+00,3.716962221472030592e+00
-2.448506152215399911e+00,3.701166493952417369e+00
-2.448225350295425873e+00,3.703999771630321902e+00
-2.577887552125053716e+00,3.922239353760474501e+00
-2.653608854836401854e+00,3.945993367253899820e+00
-2.684278695048579078e+00,3.949393897370326201e+00
-2.762329781510404647e+00,4.010313928322560173e+00
-2.748379023977498115e+00,4.084083758043771439e+00
-2.697699272911558310e+00,4.034254860518942110e+00
-2.675791760310807899e+00,3.995559046621790955e+00
-2.730128409485208074e+00,3.994473408679828808e+00
-2.591036971966143465e+00,3.936791889333015604e+00
-2.784998067904735475e+00,3.913207747842905704e+00
-2.669028151985224806e+00,3.938605588728188778e+00
-2.666752270146827808e+00,3.973154515894327332e+00
-2.559406689440591354e+00,3.910726818344818057e+00
-2.561145909418278244e+00,3.801575278055299378e+00
-2.754545380895405238e+00,4.037208860877253613e+00
-2.718581874466238890e+00,4.097443027375787139e+00
-2.497496442384959270e+00,3.769534212235619464e+00
-2.636616504781737369e+00,3.985233346944623278e+00
-2.544238942300120598e+00,3.850495836367285207e+00
-2.854218662177571808e+00,3.968205563519763501e+00
-2.555423162058594766e+00,3.739337283993211969e+00
-2.759686989766971354e+00,4.021458002382276575e+00
-2.518994505208293599e+00,3.794281942700896693e+00
-2.548195131138625946e+00,3.765959083827750575e+00
-2.552769361818334914e+00,3.715525167572192089e+00
-2.607573211087365728e+00,3.716271758334652731e+00
-2.490820803012305351e+00,3.737811986675783515e+00
-2.519073534085191746e+00,3.721713845523133557e+00
-2.756068830298336714e+00,3.990035870076702906e+00
-2.779815861066847305e+00,3.924840853903877047e+00
-2.775114962914333905e+00,3.995048917980245307e+00
-2.776604788655682832e+00,3.982365068265167452e+00
-2.794639806108447200e+00,4.003173208396322735e+00
-2.787007936250305740e+00,3.918848304350742495e+00
-2.806101293172682976e+00,4.028261417782704967e+00
-2.990860169462167928e+00,4.116835442425553993e+00
-2.847442157597790846e+00,4.083131457342675574e+00
-2.534712316343554317e+00,3.700654776867143170e+00
-2.873049327310000400e+00,4.054505045715300682e+00
-2.912263813451498429e+00,4.056270242965750228e+00
-2.728698193684219842e+00,3.979709678464754319e+00
-2.881596272756028032e+00,4.041537921674022371e+00
-2.553761886914239110e+00,3.795708373381970091e+00
-2.641132764927847543e+00,3.700254621897480334e+00
-2.568907452390268187e+00,3.671511412143578568e+00
-2.496838250024222994e+00,3.667918175276801307e+00
-2.830166658727412798e+00,4.019565261790694066e+00
-2.392347248475064525e+00,3.627918383881407749e+00
-2.508124949104435952e+00,3.557560208736276763e+00
-2.317478592820387373e+00,3.370156072209891107e+00
-2.339388515996321694e+00,3.399122535933191358e+00
-2.247488076591722006e+00,3.306299179795411547e+00
-2.324547900539867928e+00,3.540743578632218558e+00
-2.400230514870426823e+00,3.470442568271419503e+00
-2.469635462439632612e+00,3.595888917198275081e+00
-2.296795216675637352e+00,3.470075602138065207e+00
-2.503217484197344689e+00,3.643277128015135702e+00
-2.557881143451971706e+00,3.656540346732118252e+00
-2.556442783847832523e+00,3.651728284025377747e+00
-2.691828997544186031e+00,3.805740578013715236e+00
-2.685918919237876956e+00,3.864077836153684942e+00
-2.673171584028406045e+00,3.855517472532403289e+00
-2.850421490842212524e+00,4.032401180754739300e+00
-2.424819040062619724e+00,3.564321190434752040e+00
-2.648355533001649942e+00,3.815153284957084168e+00
-2.608822789016355781e+00,3.764969853361938235e+00
-2.496916627424234481e+00,3.702157774782904198e+00
-2.543917484913551075e+00,3.710767561076178112e+00
-2.561894100488073089e+00,3.808556013254563055e+00
-2.649721005195146528e+00,3.847788944241729681e+00
-2.453185445672510401e+00,3.672166813484057712e+00
-2.646917694957601874e+00,3.825793223546249067e+00
-2.770918096598232072e+00,4.040625603718623893e+00
-2.695275097717819257e+00,4.039529965689027335e+00
-2.815416289324106813e+00,4.157102213967217352e+00
-2.813530799683434225e+00,4.195279775283491830e+00
-3.164427723014173743e+00,4.690013775441835620e+00
-2.940774749113878705e+00,4.273925450072651344e+00
-2.913525005866676842e+00,4.321014447950762616e+00
-2.632024685007335219e+00,3.944870112580055377e+00
-2.700291399140468229e+00,4.072590310976467620e+00
-2.711593245044538580e+00,4.106416391602227378e+00
-2.611420145341201593e+00,3.894487871825935699e+00
-2.697316735336450666e+00,3.907533466868526872e+00
-2.608015188694412068e+00,3.850592924611438761e+00
-2.610336261395255875e+00,3.874027158582229902e+00
-2.539832874305501420e+00,3.807326645929961728e+00
-2.581440692835770712e+00,3.808465142147339222e+00
-2.649109358861221786e+00,3.914574768274253103e+00
-2.628713350091349099e+00,3.827411054444510796e+00
-2.550898099799310703e+00,3.780003647439629688e+00
-2.655837480192175359e+00,3.910130165955727932e+00
-2.616614344097262901e+00,3.880803179889827703e+00
-2.645973776892167173e+00,3.882565302148620390e+00
-2.763994338980096277e+00,4.088397919663025348e+00
-2.658695429042732705e+00,3.931109240871514032e+00
-4.380063840096741323e+00,3.394021935264014189e+00
-3.634506939126265213e+00,-3.591110052899054939e+00
1.516266723243633763e+00,-2.053737376728218322e+00
4.935998850298590312e+00,-1.259217083782227409e+00
-1.220545644518647332e+00,3.037051541517264752e+00
1.999158086254828604e-01,-1.137437712538060808e-01
5.030164866755102437e-01,9.932406511657001502e-01
-2.006435428768869045e-01,-4.331108052282932164e+00
3.004111821448336883e+00,-1.865916729609112146e+00
3.627382578225221366e+00,3.909881565276581483e+00
2.849437769812494636e+00,2.667903569160935184e+00
8.447847936364718535e-01,2.571134654148515608e+00
4.491048653264435586e+00,1.285192303355757737e+00
1.218661750067519201e+00,-4.412963319091939951e+00
-3.007550006095041084e+00,4.333112606052937466e+00
1.922371654919828643e+00,-3.254182710803321665e+00
-2.040765883690433213e+00,-3.938853706533896215e+00
-2.926563303094854795e+00,-4.849210459217614400e+00
-8.399864610653686725e-01,-2.429851038875965763e+00
-4.750571038229931098e+00,1.890209425861707260e+00
4.228042683349491071e+00,-2.701727088061360416e+00
-1.694796117438612360e+00,4.730097057815918049e+00
2.381627179992616306e+00,4.460619220399289375e+00
2.219013479507118802e+00,1.647214287304127112e+00
-1.512768099031779556e+00,-9.541978439537492918e-01
-4.323456291555302755e+00,-4.578603491160917471e-01
3.954171175620388112e+00,2.131094413959031542e-01
-2.592529054325283244e+00,6.128358506209607981e-01
-3.366594193813305935e-01,2.059326924478147802e+00
-3.908791323096818093e+00,-1.393010751505395106e+00
-2.822536054426029395e+00,4.356748743157991655e+00
-2.375031203365098431e+00,2.772174002003677806e+00
-5.000000000000000000e+00,5.000000000000000000e+00
-1.789852123299572995e+00,5.000000000000000000e+00
-2.307417596597578058e+00,2.378074500063597441e+00
-2.323123305278434358e+00,2.379986662338708925e+00
-3.465368987748851382e+00,3.546013435457581409e+00
5.000000000000000000e+00,-5.000000000000000000e+00
-1.222534391967862621e+00,9.895222608617748605e-01
-1.099230048482302546e+00,6.647118712252844119e-01
-1.491065101827051986e+00,1.766643230152489252e+00
-1.590368197883039070e+00,1.768219184522939358e+00
-1.605657674509322508e+00,1.736495189858827892e+00
-1.583601900810170271e+00,1.754480248577390711e+00
-1.575162515256669060e+00,1.631746697126683188e+00
-1.527132754446341334e+00,1.594865421300194264e+00
-1.532045663253174705e+00,1.617574326522877470e+00
-1.642332212756341558e+00,1.840000477625122421e+00
-1.646727411952276121e+00,1.975274083561529892e+00
-1.476600153331966592e+00,1.656641264666150803e+00
-1.677123510783242288e+00,1.916417019995401816e+00
-1.576910644445523424e+00,1.575551784650615517e+00
-1.446637753218221079e+00,1.452687799960833637e+00
-1.373682610011414784e+00,1.508274112069334372e+00
-2.091531311444714714e+00,2.555869070549068311e+00
-1.438771941706064705e+00,1.500587347976156671e+00
-1.747359110407174398e+00,1.851581084763634699e+00
-1.825962271274584214e+00,2.124862077143086836e+00
-1.933830384928822532e+00,2.238873218654323871e+00
-1.664130577303998937e+00,1.865645727263220088e+00
-1.442258495157275444e+00,1.623954102765956975e+00
-1.414749470405413767e+00,1.576692346571777037e+00
-1.698910165438102915e+00,2.016419157781786708e+00
-1.625491211090887678e+00,1.952421909506067088e+00
-1.704639752848787104e+00,1.955206003823838579e+00
-1.805890867200270034e+00,2.011747198380769319e+00
-1.534952385897825788e+00,1.703241301660105123e+00
-1.434722499408021434e+00,1.527331957942107188e+00
-1.429668105729902550e+00,1.444933372834485752e+00
-1.519101828652713149e+00,1.843818890372345365e+00
-1.488516637766013506e+00,1.658778891979448389e+00
-1.491191677967862006e+00,1.697963951244926051e+00
-1.543100860083792103e+00,1.584025979512631466e+00
-1.443215986492403680e+00,1.649279943822834937e+00
-1.426546864055380670e+00,1.640895222807069231e+00
-1.335224988780128630e+00,1.453592992652743554e+00
-1.354543780545939935e+00,1.453538992660211804e+00
-1.313370161135710035e+00,1.375477131007944109e+00
-1.361583647006081144e+00,1.542230222053987632e+00
-1.362255942018597121e+00,1.409501831476279499e+00
-1.451342810438742248e+00,1.617371337730607372e+00
-1.555357062307798799e+00,1.958180412207628507e+00
-1.611169547572975258e+00,1.935571533263459543e+00
-1.627913766132992990e+00,1.936333512316068095e+00
-1.593767706822118324e+00,1.896845088537578938e+00
-1.672368959541949529e+00,1.945492668033183215e+00
-1.594506936970773836e+00,1.967949844506019730e+00
-1.467169305238161137e+00,1.640382391614672919e+00
-1.438849357841855525e+00,1.768117021157689095e+00
-1.623160975207849521e+00,1.981148517670061615e+00
-1.563272805149648725e+00,1.875517832146778474e+00
-1.618322439028092141e+00,1.936141836940729277e+00
-1.398533662965208535e+00,1.587880711238319975e+00
-1.376434566311150576e+00,1.467066709225846921e+00
-1.358000594252291471e+00,1.446880302248318095e+00
-1.362379963830651519e+00,1.400853988766673552e+00
-1.313596627825294849e+00,1.480502825344805373e+00
-1.367412033676562277e+00,1.498594205101553278e+00
-1.456414555525154420e+00,1.816661506178462560e+00
-1.367461776385123340e+00,1.634642377248050948e+00
-1.398967022665946303e+00,1.584695306501728851e+00
-1.417525314145519744e+00,1.609377995746364753e+00
-1.365969863990698752e+00,1.559571821369972966e+00
-1.424520124876813121e+00,1.532468069450913184e+00
-1.332705714955367160e+00,1.624190115478013396e+00
-1.406273456583006620e+00,1.707666305407880003e+00
-1.314240486387166396e+00,1.558282363080807364e+00
-1.353824534331833807e+00,1.437648419309783598e+00
-1.286953516187289814e+00,1.483079548418788640e+00
-1.345196466116978407e+00,1.502773827846106691e+00
-1.335055436448943755e+00,1.488933410533851642e+00
-1.408373100245414289e+00,1.537198787954682899e+00
-1.621043480506759060e+00,1.917492018818355071e+00
-1.519122170597942301e+00,1.894604497380347752e+00
-1.437813201526211948e+00,1.600964291460176270e+00
-1.631656114713909034e+00,1.938593184891487020e+00
-1.363285599823412131e+00,1.452870346076434949e+00
-1.536532657449207306e+00,1.884636727696457292e+00
-1.542836121121244464e+00,1.602208128248486574e+00
-1.395605108587498311e+00,1.613999747495120651e+00
-1.388785920728949463e+00,1.485454780196540092e+00
-1.302491472175648202e+00,1.409145484909330115e+00
-1.729805492891079322e+00,2.021032126203213153e+00
-1.393926090602463752e+00,1.669816600555652286e+00
-1.356226689678509789e+00,1.467861915026402286e+00
-1.413212785578609854e+00,1.780979035401989208e+00
-1.379726410390386793e+00,1.572662676465073517e+00
-1.442093993484864889e+00,1.585217236605109825e+00
-1.361726400055924380e+00,1.425253078384133509e+00
-1.359450516330449776e+00,1.474807073746534414e+00
-1.249740013533354954e+00,1.290285873606087819e+00
-1.641625545716867585e+00,1.905384285475236084e+00
-1.591296684834033304e+00,1.746439388206461274e+00
-1.554009009977765476e+00,1.803609048894802669e+00
-1.578171356859416452e+00,1.842502931242150588e+00
-1.308764061651444432e+00,1.417862639121061363e+00
-1.295201104694414962e+00,1.512381059891254154e+00
-1.277952436941787617e+00,1.375839444551961499e+00
-1.207748778919346400e+00,1.265545729928382102e+00
-1.360855217389281169e+00,1.532222403013655310e+00
-1.371425630577920884e+00,1.517357275342231304e+00
-1.377293080758778654e+00,1.561885988313632012e+00
-1.376848574579950135e+00,1.430494390010219163e+00
-1.553717877819770887e+00,1.850491281135830945e+00
-1.540309828162842898e+00,1.929436335536262703e+00
-1.652260123366228850e+00,1.914987405679690724e+00
-1.618813438749401978e+00,1.874941223104126031e+00
-1.676513994315446787e+00,2.011486120462947724e+00
-1.644368966303380475e+00,1.887446883877693438e+00
-1.668333644376651215e+00,2.062030695082866849e+00
-1.573638194048627259e+00,1.905253855026060705e+00
-1.635884153313739819e+00,1.821708508337694710e+00
-1.568807748863309648e+00,1.919176476569273149e+00
-1.646071120135618848e+00,1.898186868940394234e+00
-1.665819610628526792e+00,1.981410435002612047e+00
-1.743465841133488681e+00,2.171209709705259172e+00
-1.623768452806179763e+00,1.897644126406213161e+00
-1.698209152989389015e+00,2.015081608752177900e+00
-1.697409040330144947e+00,1.951497282791648580e+00
-1.666422392183468215e+00,1.968377419877201717e+00
-1.650998954617195924e+00,1.917472958689137030e+00
-1.658292756296508408e+00,1.955882599474822570e+00
-1.642289936865796829e+00,1.808850007963515694e+00
-1.675399143942560176e+00,1.995864993329902859e+00
-1.610355382427692383e+00,1.868178677144357813e+00
-1.673493382545711672e+00,1.863256818208968824e+00
-1.659227524650809915e+00,1.963273947311875212e+00
-1.629930249440136425e+00,1.942541477328587618e+00
-1.586023187235954701e+00,1.732434153745362693e+00
-1.642889708614565070e+00,1.834843195989069642e+00
-1.631185178165808658e+00,2.010953256943443179e+00
-1.616252771846285352e+00,2.004912894428328762e+00
-1.607584803646140870e+00,1.827216941360697788e+00
-1.542853190604456692e+00,1.917382962704125227e+00
-1.623496135420539499e+00,1.855886392484045189e+00
-1.623534011063665794e+00,1.839241336304135999e+00
-1.393358161164619080e+00,1.740143292986324752e+00
-1.329481510237682684e+00,1.544658881829347408e+00
-1.305342137947380188e+00,1.449913683043762447e+00
-1.407688644162739422e+00,1.711621895706253227e+00
-1.382994179823447300e+00,1.663117117090315844e+00
-1.332900515238606864e+00,1.573306170494943146e+00
-1.429842835257074007e+00,1.690097078838598499e+00
-1.329893481320497006e+00,1.515659213615808909e+00
-1.419586467285070430e+00,1.512755129245853425e+00
-1.351268516490642835e+00,1.588275295388124064e+00
-1.573181570929198081e+00,1.929069868141626287e+00
-1.463359376099542697e+00,1.794747888737960650e+00
-1.357426080538157276e+00,1.624246984088588697e+00
-1.506747039621704864e+00,1.898529868640091323e+00
-1.402929559915615965e+00,1.527583288432420083e+00
-1.589253167591621718e+00,2.032179700592605442e+00
-1.661593935805744771e+00,1.978690537462147958e+00
-1.661043226024510489e+00,2.131393897370918111e+00
-1.707431306700153861e+00,2.109422790876545939e+00
-1.655684326850388910e+00,2.135831151486410562e+00
-1.736472446026687155e+00,2.267307235280663136e+00
-1.647492574465003301e+00,1.984333254631147625e+00
-1.638098088819779807e+00,1.934149153108891461e+00
-1.587720203050968060e+00,1.956643409402984979e+00
-1.457856772814975610e+00,1.828689895066517579e+00
-1.555018040536387147e+00,1.888390819307127266e+00
-1.626491711496335757e+00,2.016682884256121078e+00
-1.387031801094124717e+00,1.696088060317912927e+00
-1.627558493728460842e+00,1.881661399363827591e+00
-1.490024419412299572e+00,1.915218345794510668e+00
-1.454445132563661591e+00,1.512091166168259448e+00
-1.559119362621744109e+00,1.571466025801107058e+00
-1.421788701184242942e+00,1.445070817451538758e+00
-1.429491427518023272e+00,1.364965345539317809e+00
-1.409913152001773362e+00,1.405446431695019704e+00
-1.400491509740476204e+00,1.321806323016869733e+00
-1.422201529968317057e+00,1.468719417955512974e+00
-1.535351039454820210e+00,1.572453496451306165e+00
-1.619611652990811557e+00,1.716512263445890696e+00
-1.393563514633242129e+00,1.556423191785338389e+00
-1.596922388741260246e+00,1.894629533939347965e+00
-1.619814671216582180e+00,1.796465862027299742e+00
-1.635753246759858559e+00,1.813132308532567016e+00
-1.662456902089731070e+00,1.810781174803453020e+00
-1.421550510210572327e+00,1.604965507862306850e+00
-1.418718059702304579e+00,1.586216086774384415e+00
-1.655942531295117703e+00,1.966269701966101735e+00
-1.673329579447729198e+00,1.920894643011379799e+00
-1.421715851089881522e+00,1.720286793063761088e+00
-1.558809162554739114e+00,1.911483080737337303e+00
-1.598856609934900419e+00,1.772752784933372183e+00
-1.595785271663259675e+00,1.859866081406166494e+00
-1.405595568353015690e+00,1.506017580835780301e+00
-1.734446284152351581e+00,1.978993016687846662e+00
-1.414699980943435076e+00,1.718561629554754333e+00
-1.354531297931116818e+00,1.531185786971910545e+00
-1.364175266802721165e+00,1.735503093207989345e+00
-1.233163195290172265e+00,1.507213750335537839e+00
-1.291976040784815094e+00,1.535241293839523458e+00
-1.528133032771262112e+00,1.933036943993993617e+00
-1.435983190113658381e+00,1.786883208706717241e+00
-1.345571136416018998e+00,1.693272175194126206e+00
-1.358337957310857380e+00,1.691230402466063154e+00
-1.314879845812872539e+00,1.656169745087316514e+00
-1.526650745931426467e+00,1.931390999607725867e+00
-1.409819179333553052e+00,1.518223723208680376e+00
-1.402098134268372931e+00,1.748035166808309171e+00
-1.379224161428766582e+00,1.728033515982558832e+00
-1.360890822007307488e+00,1.724276505292820616e+00
-1.588302049677368544e+00,1.980874870442876912e+00
-1.538362725051193980e+00,1.913867297094453690e+00
-1.610268961273158439e+00,1.874624811110527922e+00
-1.707282372846155472e+00,2.085568815528190179e+00
-1.365025118016672145e+00,1.529552767427441395e+00
-1.396692409231791832e+00,1.550145281006537701e+00
-1.502029669019227409e+00,1.891651630937905004e+00
-1.438186621433454437e+00,1.800096076335583106e+00
-1.375258609347103533e+00,1.640688588059465935e+00
-1.394722625783715753e+00,1.508288534660114699e+00
-1.370643525815824049e+00,1.504929472732465356e+00
-1.354982854630669031e+00,1.581101479705995239e+00
-1.424748334060302213e+00,1.669662548996274865e+00
-1.370837332811367215e+00,1.611137407247174913e+00
-1.621343937329973617e+00,1.901695112397266740e+00
-1.461676918696222405e+00,1.714020206304822658e+00
-1.661701085257388133e+00,1.972857537176770926e+00
-1.674744536457495769e+00,2.011549558375394398e+00
-1.661987613305085265e+00,2.081570173951240221e+00
-1.735775980753862413e+00,1.973037508226830106e+00
-1.691376759317790412e+00,2.008113477432584837e+00
-1.703011479725901722e+00,2.139617630070974386e+00
-1.778389650302116376e+00,2.189779633863394359e+00
-1.793065791370105799e+00,2.150182365435748366e+00
-1.767970793861016077e+00,2.037897529799933771e+00
-1.677796426133150831e+00,1.896150751564428028e+00
-1.469017866358188318e+00,1.693563530537897321e+00
-1.520072735029183608e+00,1.949866036937160096e+00
-1.532716008040968969e+00,1.988871705452122107e+00
-1.648189200531941623e+00,1.991275552724326658e+00
-1.452413296610879812e+00,1.876964424859673741e+00
-1.370152960195199388e+00,1.672011101666834421e+00
-1.538743650828299891e+00,1.941198592663626599e+00
-1.427642603829930135e+00,1.880453582917995803e+00
-1.416419326783417532e+00,1.856852735858130821e+00
-1.460529068030002708e+00,1.757445801633296334e+00
-1.512732742456026180e+00,1.934400562971773319e+00
-1.486830470715069907e+00,1.766821731331940093e+00
-1.468538478819671589e+00,1.754309966178523084e+00
-1.454211966445593696e+00,1.728658901328508968e+00
-1.335557049909364302e+00,1.560282291247824027e+00
-1.458843232429964498e+00,1.759523008882272421e+00
-1.486263275054979349e+00,1.859174800386628412e+00
-1.382756131437144376e+00,1.590991069704359440e+00
-1.506044516792599097e+00,1.971771752102370101e+00
-1.560029826890920290e+00,2.105024589836047788e+00
-1.540305888925807665e+00,2.112275150389430145e+00
-1.495979273307260105e+00,2.041781311720496817e+00
-1.523290555261381130e+00,2.128868664013343626e+00
-1.559256440623640216e+00,2.138184202633959252e+00
-1.582282032449227493e+00,2.084357511248154715e+00
-1.563665140889107352e+00,2.134785305476385453e+00
-1.583696022503393142e+00,2.184187643830518333e+00
-1.510263812338325629e+00,2.139187988108405492e+00
-1.685232076585656102e+00,2.432353661469742967e+00
