-2.192541441823613990e+00,-2.982294445863624688e+00
-3.079878971770887652e+00,9.568659170612248133e-01
3.461045667101629419e+00,-3.752621718386479621e+00
4.133057238801322697e+00,2.502754278546999167e+00
-1.859881535380091933e+00,3.745547808892089492e+00
2.352791934231838411e+00,4.564128490285465745e+00
-4.641340086098567852e+00,-1.825692238064530848e+00
6.608256428633829671e-03,-4.513485683821574668e+00
-8.195564182114747354e-01,-7.093534333054520857e-01
5.000000000000000000e+00,5.000000000000000000e+00
5.000000000000000000e+00,5.000000000000000000e+00
5.000000000000000000e+00,5.000000000000000000e+00
5.000000000000000000e+00,5.000000000000000000e+00
5.000000000000000000e+00,5.000000000000000000e+00
5.000000000000000000e+00,5.000000000000000000e+00
5.000000000000000000e+00,5.000000000000000000e+00
5.000000000000000000e+00,5.000000000000000000e+00
5.000000000000000000e+00,5.000000000000000000e+00
5.000000000000000000e+00,5.000000000000000000e+00
5.000000000000000000e+00,5.000000000000000000e+00
5.000000000000000000e+00,5.000000000000000000e+00
5.000000000000000000e+00,5.000000000000000000e+00
5.000000000000000000e+00,5.000000000000000000e+00
5.000000000000000000e+00,5.000000000000000000e+00
5.000000000000000000e+00,5.000000000000000000e+00
5.000000000000000000e+00,5.000000000000000000e+00
5.000000000000000000e+00,5.000000000000000000e+00
5.000000000000000000e+00,5.000000000000000000e+00
5.000000000000000000e+00,5.000000000000000000e+00
5.000000000000000000e+00,5.000000000000000000e+00
5.000000000000000000e+00,5.000000000000000000e+00
5.000000000000000000e+00,5.000000000000000000e+00
5.000000000000000000e+00,5.000000000000000000e+00
5.000000000000000000e+00,5.000000000000000000e+00
5.000000000000000000e+00,5.000000000000000000e+00
5.000000000000000000e+00,5.000000000000000000e+00
5.000000000000000000e+00,5.000000000000000000e+00
5.000000000000000000e+00,5.000000000000000000e+00
5.000000000000000000e+00,5.000000000000000000e+00
5.000000000000000000e+00,5.000000000000000000e+00
5.000000000000000000e+00,5.000000000000000000e+00
5.000000000000000000e+00,5.000000000000000000e+00
5.000000000000000000e+00,5.000000000000000000e+00
5.000000000000000000e+00,5.000000000000000000e+00
5.000000000000000000e+00,5.000000000000000000e+00
5.000000000000000000e+00,5.000000000000000000e+00
5.000000000000000000e+00,5.000000000000000000e+00
5.000000000000000000e+00,5.000000000000000000e+00
5.000000000000000000e+00,5.000000000000000000e+00
5.000000000000000000e+00,5.000000000000000000e+00
5.000000000000000000e+00,5.000000000000000000e+00
5.000000000000000000e+00,5.000000000000000000e+00
5.000000000000000000e+00,5.000000000000000000e+00
5.000000000000000000e+00,5.000000000000000000e+00
5.000000000000000000e+00,5.000000000000000000e+00
5.000000000000000000e+00,5.000000000000000000e+00
5.000000000000000000e+00,5.000000000000000000e+00
5.000000000000000000e+00,5.000000000000000000e+00
5.000000000000000000e+00,5.000000000000000000e+00
5.000000000000000000e+00,5.000000000000000000e+00
5.000000000000000000e+00,5.000000000000000000e+00
5.000000000000000000e+00,5.000000000000000000e+00
5.000000000000000000e+00,5.000000000000000000e+00
5.000000000000000000e+00,5.000000000000000000e+00
5.000000000000000000e+00,5.000000000000000000e+00
5.000000000000000000e+00,5.000000000000000000e+00
5.000000000000000000e+00,5.000000000000000000e+00
5.000000000000000000e+00,5.000000000000000000e+00
5.000000000000000000e+00,5.000000000000000000e+00
5.000000000000000000e+00,5.000000000000000000e+00
5.000000000000000000e+00,5.000000000000000000e+00
5.000000000000000000e+00,5.000000000000000000e+00
5.000000000000000000e+00,5.000000000000000000e+00
5.000000000000000000e+00,5.000000000000000000e+00
5.000000000000000000e+00,5.000000000000000000e+00
5.000000000000000000e+00,5.000000000000000000e+00
5.000000000000000000e+00,5.000000000000000000e+00
5.000000000000000000e+00,5.000000000000000000e+00
5.000000000000000000e+00,5.000000000000000000e+00
5.000000000000000000e+00,5.000000000000000000e+00
5.000000000000000000e+00,5.000000000000000000e+00
5.000000000000000000e+00,5.000000000000000000e+00
5.000000000000000000e+00,5.000000000000000000e+00
5.000000000000000000e+00,5.000000000000000000e+00
5.000000000000000000e+00,5.000000000000000000e+00
5.000000000000000000e+00,5.000000000000000000e+00
5.000000000000000000e+00,5.000000000000000000e+00
5.000000000000000000e+00,5.000000000000000000e+00
5.000000000000000000e+00,5.000000000000000000e+00
5.000000000000000000e+00,5.000000000000000000e+00
5.000000000000000000e+00,5.000000000000000000e+00
5.000000000000000000e+00,5.000000000000000000e+00
5.000000000000000000e+00,5.000000000000000000e+00
5.000000000000000000e+00,5.000000000000000000e+00
5.000000000000000000e+00,5.000000000000000000e+00
5.000000000000000000e+00,5.000000000000000000e+00
5.000000000000000000e+00,5.000000000000000000e+00
5.000000000000000000e+00,5.000000000000000000e+00
5.000000000000000000e+00,5.000000000000000000e+00
5.000000000000000000e+00,5.000000000000000000e+00
1.776121282888219355e+00,2.863626434370037721e+00
-1.720920486711788655e+00,-1.946863501933258522e+00
-6.171007233950112081e-01,-4.081798405504898142e+00
2.737813323352854766e+00,-3.758162920214838110e-01
4.378230291892949211e+00,3.356441106612578551e+00
3.987271421929275306e+00,-3.807780061342307398e+00
-4.286232963366837900e+00,-2.586115464975023315e+00
-3.763593235977614970e+00,1.293180833430456644e+00
-2.097095511028034487e+00,4.839336433264815440e+00
5.000000000000000000e+00,5.000000000000000000e+00
5.000000000000000000e+00,5.000000000000000000e+00
5.000000000000000000e+00,5.000000000000000000e+00
5.000000000000000000e+00,5.000000000000000000e+00
5.000000000000000000e+00,5.000000000000000000e+00
5.000000000000000000e+00,5.000000000000000000e+00
5.000000000000000000e+00,5.000000000000000000e+00
5.000000000000000000e+00,5.000000000000000000e+00
5.000000000000000000e+00,5.000000000000000000e+00
5.000000000000000000e+00,5.000000000000000000e+00
5.000000000000000000e+00,5.000000000000000000e+00
5.000000000000000000e+00,5.000000000000000000e+00
5.000000000000000000e+00,5.000000000000000000e+00
5.000000000000000000e+00,5.000000000000000000e+00
5.000000000000000000e+00,5.000000000000000000e+00
5.000000000000000000e+00,5.000000000000000000e+00
5.000000000000000000e+00,5.000000000000000000e+00
5.000000000000000000e+00,5.000000000000000000e+00
5.000000000000000000e+00,5.000000000000000000e+00
5.000000000000000000e+00,5.000000000000000000e+00
5.000000000000000000e+00,5.000000000000000000e+00
5.000000000000000000e+00,5.000000000000000000e+00
5.000000000000000000e+00,5.000000000000000000e+00
5.000000000000000000e+00,5.000000000000000000e+00
5.000000000000000000e+00,5.000000000000000000e+00
5.000000000000000000e+00,5.000000000000000000e+00
5.000000000000000000e+00,5.000000000000000000e+00
5.000000000000000000e+00,5.000000000000000000e+00
5.000000000000000000e+00,5.000000000000000000e+00
5.000000000000000000e+00,5.000000000000000000e+00
5.000000000000000000e+00,5.000000000000000000e+00
5.000000000000000000e+00,5.000000000000000000e+00
5.000000000000000000e+00,5.000000000000000000e+00
5.000000000000000000e+00,5.000000000000000000e+00
5.000000000000000000e+00,5.000000000000000000e+00
5.000000000000000000e+00,5.000000000000000000e+00
5.000000000000000000e+00,5.000000000000000000e+00
5.000000000000000000e+00,5.000000000000000000e+00
5.000000000000000000e+00,5.000000000000000000e+00
5.000000000000000000e+00,5.000000000000000000e+00
5.000000000000000000e+00,5.000000000000000000e+00
5.000000000000000000e+00,5.000000000000000000e+00
5.000000000000000000e+00,5.000000000000000000e+00
5.000000000000000000e+00,5.000000000000000000e+00
5.000000000000000000e+00,5.000000000000000000e+00
5.000000000000000000e+00,5.000000000000000000e+00
5.000000000000000000e+00,5.000000000000000000e+00
5.000000000000000000e+00,5.000000000000000000e+00
5.000000000000000000e+00,5.000000000000000000e+00
5.000000000000000000e+00,5.000000000000000000e+00
5.000000000000000000e+00,5.000000000000000000e+00
5.000000000000000000e+00,5.000000000000000000e+00
5.000000000000000000e+00,5.000000000000000000e+00
5.000000000000000000e+00,5.000000000000000000e+00
5.000000000000000000e+00,5.000000000000000000e+00
5.000000000000000000e+00,5.000000000000000000e+00
5.000000000000000000e+00,5.000000000000000000e+00
5.000000000000000000e+00,5.000000000000000000e+00
5.000000000000000000e+00,5.000000000000000000e+00
5.000000000000000000e+00,5.000000000000000000e+00
5.000000000000000000e+00,5.000000000000000000e+00
5.000000000000000000e+00,5.000000000000000000e+00
5.000000000000000000e+00,5.000000000000000000e+00
5.000000000000000000e+00,5.000000000000000000e+00
5.000000000000000000e+00,5.000000000000000000e+00
5.000000000000000000e+00,5.000000000000000000e+00
5.000000000000000000e+00,5.000000000000000000e+00
5.000000000000000000e+00,5.000000000000000000e+00
5.000000000000000000e+00,5.000000000000000000e+00
5.000000000000000000e+00,5.000000000000000000e+00
5.000000000000000000e+00,5.000000000000000000e+00
5.000000000000000000e+00,5.000000000000000000e+00
5.000000000000000000e+00,5.000000000000000000e+00
5.000000000000000000e+00,5.000000000000000000e+00
5.000000000000000000e+00,5.000000000000000000e+00
5.000000000000000000e+00,5.000000000000000000e+00
5.000000000000000000e+00,5.000000000000000000e+00
5.000000000000000000e+00,5.000000000000000000e+00
5.000000000000000000e+00,5.000000000000000000e+00
5.000000000000000000e+00,5.000000000000000000e+00
5.000000000000000000e+00,5.000000000000000000e+00
5.000000000000000000e+00,5.000000000000000000e+00
5.000000000000000000e+00,5.000000000000000000e+00
5.000000000000000000e+00,5.000000000000000000e+00
5.000000000000000000e+00,5.000000000000000000e+00
5.000000000000000000e+00,5.000000000000000000e+00
5.000000000000000000e+00,5.000000000000000000e+00
5.000000000000000000e+00,5.000000000000000000e+00
5.000000000000000000e+00,5.000000000000000000e+00
5.000000000000000000e+00,5.000000000000000000e+00
5.000000000000000000e+00,5.000000000000000000e+00
4.753859743560997941e+00,4.501775885094769336e+00
-1.028895296349059851e+00,2.066842158108102012e+00
9.592736838373117081e-02,-4.403235949050122500e+00
1.402221713518906121e+00,-6.153817962907854877e-01
2.356179054412138818e+00,-3.764830639093849740e+00
-4.677235434342301268e+00,8.346263706121170856e-02
-3.718239634271703231e+00,-2.332146953566922587e+00
-9.729253825493575647e-01,-1.729021498117510713e+00
-2.665595381680814224e+00,3.955920170487418730e+00
5.000000000000000000e+00,5.000000000000000000e+00
5.000000000000000000e+00,5.000000000000000000e+00
5.000000000000000000e+00,5.000000000000000000e+00
5.000000000000000000e+00,5.000000000000000000e+00
5.000000000000000000e+00,5.000000000000000000e+00
5.000000000000000000e+00,5.000000000000000000e+00
5.000000000000000000e+00,5.000000000000000000e+00
5.000000000000000000e+00,5.000000000000000000e+00
5.000000000000000000e+00,5.000000000000000000e+00
5.000000000000000000e+00,5.000000000000000000e+00
5.000000000000000000e+00,5.000000000000000000e+00
5.000000000000000000e+00,5.000000000000000000e+00
5.000000000000000000e+00,5.000000000000000000e+00
5.000000000000000000e+00,5.000000000000000000e+00
5.000000000000000000e+00,5.000000000000000000e+00
5.000000000000000000e+00,5.000000000000000000e+00
5.000000000000000000e+00,5.000000000000000000e+00
5.000000000000000000e+00,5.000000000000000000e+00
5.000000000000000000e+00,5.000000000000000000e+00
5.000000000000000000e+00,5.000000000000000000e+00
5.000000000000000000e+00,5.000000000000000000e+00
5.000000000000000000e+00,5.000000000000000000e+00
5.000000000000000000e+00,5.000000000000000000e+00
5.000000000000000000e+00,5.000000000000000000e+00
5.000000000000000000e+00,5.000000000000000000e+00
5.000000000000000000e+00,5.000000000000000000e+00
5.000000000000000000e+00,5.000000000000000000e+00
5.000000000000000000e+00,5.000000000000000000e+00
5.000000000000000000e+00,5.000000000000000000e+00
5.000000000000000000e+00,5.000000000000000000e+00
5.000000000000000000e+00,5.000000000000000000e+00
5.000000000000000000e+00,5.000000000000000000e+00
5.000000000000000000e+00,5.000000000000000000e+00
5.000000000000000000e+00,5.000000000000000000e+00
5.000000000000000000e+00,5.000000000000000000e+00
5.000000000000000000e+00,5.000000000000000000e+00
5.000000000000000000e+00,5.000000000000000000e+00
5.000000000000000000e+00,5.000000000000000000e+00
5.000000000000000000e+00,5.000000000000000000e+00
5.000000000000000000e+00,5.000000000000000000e+00
5.000000000000000000e+00,5.000000000000000000e+00
5.000000000000000000e+00,5.000000000000000000e+00
5.000000000000000000e+00,5.000000000000000000e+00
5.000000000000000000e+00,5.000000000000000000e+00
5.000000000000000000e+00,5.000000000000000000e+00
5.000000000000000000e+00,5.000000000000000000e+00
5.000000000000000000e+00,5.000000000000000000e+00
5.000000000000000000e+00,5.000000000000000000e+00
5.000000000000000000e+00,5.000000000000000000e+00
5.000000000000000000e+00,5.000000000000000000e+00
5.000000000000000000e+00,5.000000000000000000e+00
5.000000000000000000e+00,5.000000000000000000e+00
5.000000000000000000e+00,5.000000000000000000e+00
5.000000000000000000e+00,5.000000000000000000e+00
5.000000000000000000e+00,5.000000000000000000e+00
5.000000000000000000e+00,5.000000000000000000e+00
5.000000000000000000e+00,5.000000000000000000e+00
5.000000000000000000e+00,5.000000000000000000e+00
5.000000000000000000e+00,5.000000000000000000e+00
5.000000000000000000e+00,5.000000000000000000e+00
5.000000000000000000e+00,5.000000000000000000e+00
5.000000000000000000e+00,5.000000000000000000e+00
5.000000000000000000e+00,5.000000000000000000e+00
5.000000000000000000e+00,5.000000000000000000e+00
5.000000000000000000e+00,5.000000000000000000e+00
5.000000000000000000e+00,5.000000000000000000e+00
5.000000000000000000e+00,5.000000000000000000e+00
5.000000000000000000e+00,5.000000000000000000e+00
5.000000000000000000e+00,5.000000000000000000e+00
5.000000000000000000e+00,5.000000000000000000e+00
5.000000000000000000e+00,5.000000000000000000e+00
5.000000000000000000e+00,5.000000000000000000e+00
5.000000000000000000e+00,5.000000000000000000e+00
5.000000000000000000e+00,5.000000000000000000e+00
5.000000000000000000e+00,5.000000000000000000e+00
5.000000000000000000e+00,5.000000000000000000e+00
5.000000000000000000e+00,5.000000000000000000e+00
5.000000000000000000e+00,5.000000000000000000e+00
5.000000000000000000e+00,5.000000000000000000e+00
5.000000000000000000e+00,5.000000000000000000e+00
5.000000000000000000e+00,5.000000000000000000e+00
5.000000000000000000e+00,5.000000000000000000e+00
5.000000000000000000e+00,5.000000000000000000e+00
5.000000000000000000e+00,5.000000000000000000e+00
5.000000000000000000e+00,5.000000000000000000e+00
5.000000000000000000e+00,5.000000000000000000e+00
5.000000000000000000e+00,5.000000000000000000e+00
5.000000000000000000e+00,5.000000000000000000e+00
5.000000000000000000e+00,5.000000000000000000e+00
5.000000000000000000e+00,5.000000000000000000e+00
5.000000000000000000e+00,5.000000000000000000e+00
1.973003531049841719e+00,-1.673769761753174379e+00
-4.972196508844186624e+00,1.186038406279119606e+00
-7.627008309306360090e-01,-3.959679270778050597e+00
4.616579558385440762e+00,3.298331072476642589e+00
2.070308758076516931e+00,4.534607019729646638e+00
-1.906447755952273226e+00,2.689323584963064562e+00
3.597835943899564626e+00,-4.984378970974791656e+00
-2.577601771511642603e+00,-1.470775286303602769e-01
-3.952714820400160090e+00,-2.432637405425174038e+00
5.000000000000000000e+00,5.000000000000000000e+00
5.000000000000000000e+00,5.000000000000000000e+00
5.000000000000000000e+00,5.000000000000000000e+00
5.000000000000000000e+00,5.000000000000000000e+00
5.000000000000000000e+00,5.000000000000000000e+00
5.000000000000000000e+00,5.000000000000000000e+00
5.000000000000000000e+00,5.000000000000000000e+00
5.000000000000000000e+00,5.000000000000000000e+00
5.000000000000000000e+00,5.000000000000000000e+00
5.000000000000000000e+00,5.000000000000000000e+00
5.000000000000000000e+00,5.000000000000000000e+00
5.000000000000000000e+00,5.000000000000000000e+00
5.000000000000000000e+00,5.000000000000000000e+00
5.000000000000000000e+00,5.000000000000000000e+00
5.000000000000000000e+00,5.000000000000000000e+00
5.000000000000000000e+00,5.000000000000000000e+00
5.000000000000000000e+00,5.000000000000000000e+00
5.000000000000000000e+00,5.000000000000000000e+00
5.000000000000000000e+00,5.000000000000000000e+00
5.000000000000000000e+00,5.000000000000000000e+00
5.000000000000000000e+00,5.000000000000000000e+00
5.000000000000000000e+00,5.000000000000000000e+00
5.000000000000000000e+00,5.000000000000000000e+00
5.000000000000000000e+00,5.000000000000000000e+00
5.000000000000000000e+00,5.000000000000000000e+00
5.000000000000000000e+00,5.000000000000000000e+00
5.000000000000000000e+00,5.000000000000000000e+00
5.000000000000000000e+00,5.000000000000000000e+00
5.000000000000000000e+00,5.000000000000000000e+00
5.000000000000000000e+00,5.000000000000000000e+00
5.000000000000000000e+00,5.000000000000000000e+00
5.000000000000000000e+00,5.000000000000000000e+00
5.000000000000000000e+00,5.000000000000000000e+00
5.000000000000000000e+00,5.000000000000000000e+00
5.000000000000000000e+00,5.000000000000000000e+00
5.000000000000000000e+00,5.000000000000000000e+00
5.000000000000000000e+00,5.000000000000000000e+00
5.000000000000000000e+00,5.000000000000000000e+00
5.000000000000000000e+00,5.000000000000000000e+00
5.000000000000000000e+00,5.000000000000000000e+00
5.000000000000000000e+00,5.000000000000000000e+00
5.000000000000000000e+00,5.000000000000000000e+00
5.000000000000000000e+00,5.000000000000000000e+00
5.000000000000000000e+00,5.000000000000000000e+00
5.000000000000000000e+00,5.000000000000000000e+00
5.000000000000000000e+00,5.000000000000000000e+00
5.000000000000000000e+00,5.000000000000000000e+00
5.000000000000000000e+00,5.000000000000000000e+00
5.000000000000000000e+00,5.000000000000000000e+00
5.000000000000000000e+00,5.000000000000000000e+00
5.000000000000000000e+00,5.000000000000000000e+00
5.000000000000000000e+00,5.000000000000000000e+00
5.000000000000000000e+00,5.000000000000000000e+00
5.000000000000000000e+00,5.000000000000000000e+00
5.000000000000000000e+00,5.000000000000000000e+00
5.000000000000000000e+00,5.000000000000000000e+00
5.000000000000000000e+00,5.000000000000000000e+00
5.000000000000000000e+00,5.000000000000000000e+00
5.000000000000000000e+00,5.000000000000000000e+00
5.000000000000000000e+00,5.000000000000000000e+00
5.000000000000000000e+00,5.000000000000000000e+00
5.000000000000000000e+00,5.000000000000000000e+00
5.000000000000000000e+00,5.000000000000000000e+00
5.000000000000000000e+00,5.000000000000000000e+00
5.000000000000000000e+00,5.000000000000000000e+00
5.000000000000000000e+00,5.000000000000000000e+00
5.000000000000000000e+00,5.000000000000000000e+00
5.000000000000000000e+00,5.000000000000000000e+00
5.000000000000000000e+00,5.000000000000000000e+00
5.000000000000000000e+00,5.000000000000000000e+00
5.000000000000000000e+00,5.000000000000000000e+00
5.000000000000000000e+00,5.000000000000000000e+00
5.000000000000000000e+00,5.000000000000000000e+00
5.000000000000000000e+00,5.000000000000000000e+00
5.000000000000000000e+00,5.000000000000000000e+00
5.000000000000000000e+00,5.000000000000000000e+00
5.000000000000000000e+00,5.000000000000000000e+00
5.000000000000000000e+00,5.000000000000000000e+00
5.000000000000000000e+00,5.000000000000000000e+00
5.000000000000000000e+00,5.000000000000000000e+00
5.000000000000000000e+00,5.000000000000000000e+00
5.000000000000000000e+00,5.000000000000000000e+00
5.000000000000000000e+00,5.000000000000000000e+00
5.000000000000000000e+00,5.000000000000000000e+00
5.000000000000000000e+00,5.000000000000000000e+00
5.000000000000000000e+00,5.000000000000000000e+00
5.000000000000000000e+00,5.000000000000000000e+00
5.000000000000000000e+00,5.000000000000000000e+00
5.000000000000000000e+00,5.000000000000000000e+00
5.000000000000000000e+00,5.000000000000000000e+00
5.000000000000000000e+00,5.000000000000000000e+00
4.415383008971755174e+00,-1.088001490456586673e+00
-2.365996221862127769e+00,-2.439438935456264002e+00
1.515969894238401672e+00,1.377422934063159410e+00
-1.868093533395344785e+00,-4.903805221180714824e+00
2.124745028076534759e+00,-3.524855209611630347e+00
-3.315427204578115017e+00,3.929814402511748739e+00
3.508542814230771967e+00,2.977449036606163446e+00
-4.131906546089135546e+00,-1.702766221114186962e-01
8.526096407443573000e-01,4.849082704413238076e+00
5.000000000000000000e+00,5.000000000000000000e+00
5.000000000000000000e+00,5.000000000000000000e+00
5.000000000000000000e+00,5.000000000000000000e+00
5.000000000000000000e+00,5.000000000000000000e+00
5.000000000000000000e+00,5.000000000000000000e+00
5.000000000000000000e+00,5.000000000000000000e+00
5.000000000000000000e+00,5.000000000000000000e+00
5.000000000000000000e+00,5.000000000000000000e+00
5.000000000000000000e+00,5.000000000000000000e+00
5.000000000000000000e+00,5.000000000000000000e+00
5.000000000000000000e+00,5.000000000000000000e+00
5.000000000000000000e+00,5.000000000000000000e+00
5.000000000000000000e+00,5.000000000000000000e+00
5.000000000000000000e+00,5.000000000000000000e+00
5.000000000000000000e+00,5.000000000000000000e+00
5.000000000000000000e+00,5.000000000000000000e+00
5.000000000000000000e+00,5.000000000000000000e+00
5.000000000000000000e+00,5.000000000000000000e+00
5.000000000000000000e+00,5.000000000000000000e+00
5.000000000000000000e+00,5.000000000000000000e+00
5.000000000000000000e+00,5.000000000000000000e+00
5.000000000000000000e+00,5.000000000000000000e+00
5.000000000000000000e+00,5.000000000000000000e+00
5.000000000000000000e+00,5.000000000000000000e+00
5.000000000000000000e+00,5.000000000000000000e+00
5.000000000000000000e+00,5.000000000000000000e+00
5.000000000000000000e+00,5.000000000000000000e+00
5.000000000000000000e+00,5.000000000000000000e+00
5.000000000000000000e+00,5.000000000000000000e+00
5.000000000000000000e+00,5.000000000000000000e+00
5.000000000000000000e+00,5.000000000000000000e+00
5.000000000000000000e+00,5.000000000000000000e+00
5.000000000000000000e+00,5.000000000000000000e+00
5.000000000000000000e+00,5.000000000000000000e+00
5.000000000000000000e+00,5.000000000000000000e+00
5.000000000000000000e+00,5.000000000000000000e+00
5.000000000000000000e+00,5.000000000000000000e+00
5.000000000000000000e+00,5.000000000000000000e+00
5.000000000000000000e+00,5.000000000000000000e+00
5.000000000000000000e+00,5.000000000000000000e+00
5.000000000000000000e+00,5.000000000000000000e+00
5.000000000000000000e+00,5.000000000000000000e+00
5.000000000000000000e+00,5.000000000000000000e+00
5.000000000000000000e+00,5.000000000000000000e+00
5.000000000000000000e+00,5.000000000000000000e+00
5.000000000000000000e+00,5.000000000000000000e+00
5.000000000000000000e+00,5.000000000000000000e+00
5.000000000000000000e+00,5.000000000000000000e+00
5.000000000000000000e+00,5.000000000000000000e+00
5.000000000000000000e+00,5.000000000000000000e+00
5.000000000000000000e+00,5.000000000000000000e+00
5.000000000000000000e+00,5.000000000000000000e+00
5.000000000000000000e+00,5.000000000000000000e+00
5.000000000000000000e+00,5.000000000000000000e+00
5.000000000000000000e+00,5.000000000000000000e+00
5.000000000000000000e+00,5.000000000000000000e+00
5.000000000000000000e+00,5.000000000000000000e+00
5.000000000000000000e+00,5.000000000000000000e+00
5.000000000000000000e+00,5.000000000000000000e+00
5.000000000000000000e+00,5.000000000000000000e+00
5.000000000000000000e+00,5.000000000000000000e+00
5.000000000000000000e+00,5.000000000000000000e+00
5.000000000000000000e+00,5.000000000000000000e+00
5.000000000000000000e+00,5.000000000000000000e+00
5.000000000000000000e+00,5.000000000000000000e+00
5.000000000000000000e+00,5.000000000000000000e+00
5.000000000000000000e+00,5.000000000000000000e+00
5.000000000000000000e+00,5.000000000000000000e+00
5.000000000000000000e+00,5.000000000000000000e+00
5.000000000000000000e+00,5.000000000000000000e+00
5.000000000000000000e+00,5.000000000000000000e+00
5.000000000000000000e+00,5.000000000000000000e+00
5.000000000000000000e+00,5.000000000000000000e+00
5.000000000000000000e+00,5.000000000000000000e+00
5.000000000000000000e+00,5.000000000000000000e+00
5.000000000000000000e+00,5.000000000000000000e+00
5.000000000000000000e+00,5.000000000000000000e+00
5.000000000000000000e+00,5.000000000000000000e+00
5.000000000000000000e+00,5.000000000000000000e+00
5.000000000000000000e+00,5.000000000000000000e+00
5.000000000000000000e+00,5.000000000000000000e+00
5.000000000000000000e+00,5.000000000000000000e+00
5.000000000000000000e+00,5.000000000000000000e+00
5.000000000000000000e+00,5.000000000000000000e+00
5.000000000000000000e+00,5.000000000000000000e+00
5.000000000000000000e+00,5.000000000000000000e+00
5.000000000000000000e+00,5.000000000000000000e+00
5.000000000000000000e+00,5.000000000000000000e+00
5.000000000000000000e+00,5.000000000000000000e+00
5.000000000000000000e+00,5.000000000000000000e+00
5.000000000000000000e+00,5.000000000000000000e+00
-1.403560454498966159e+00,-1.533774595887978265e+00
4.936016742520571654e+00,7.460617635533539627e-01
1.465552272337831141e-01,-4.151741012172455392e+00
-3.938064531046313377e+00,4.612779403324298144e+00
2.685307826017409916e+00,2.914172204847841563e+00
-2.129671867635654081e+00,1.638080280693795743e+00
1.677026985628473632e+00,-3.822258946445167282e-02
-6.828220232486055252e-01,3.949170599595625220e+00
3.106104013194292079e+00,-3.187518935499959127e+00
5.000000000000000000e+00,5.000000000000000000e+00
5.000000000000000000e+00,5.000000000000000000e+00
5.000000000000000000e+00,5.000000000000000000e+00
5.000000000000000000e+00,5.000000000000000000e+00
5.000000000000000000e+00,5.000000000000000000e+00
5.000000000000000000e+00,5.000000000000000000e+00
5.000000000000000000e+00,5.000000000000000000e+00
5.000000000000000000e+00,5.000000000000000000e+00
5.000000000000000000e+00,5.000000000000000000e+00
5.000000000000000000e+00,5.000000000000000000e+00
5.000000000000000000e+00,5.000000000000000000e+00
5.000000000000000000e+00,5.000000000000000000e+00
5.000000000000000000e+00,5.000000000000000000e+00
5.000000000000000000e+00,5.000000000000000000e+00
5.000000000000000000e+00,5.000000000000000000e+00
5.000000000000000000e+00,5.000000000000000000e+00
5.000000000000000000e+00,5.000000000000000000e+00
5.000000000000000000e+00,5.000000000000000000e+00
5.000000000000000000e+00,5.000000000000000000e+00
5.000000000000000000e+00,5.000000000000000000e+00
5.000000000000000000e+00,5.000000000000000000e+00
5.000000000000000000e+00,5.000000000000000000e+00
5.000000000000000000e+00,5.000000000000000000e+00
5.000000000000000000e+00,5.000000000000000000e+00
5.000000000000000000e+00,5.000000000000000000e+00
5.000000000000000000e+00,5.000000000000000000e+00
5.000000000000000000e+00,5.000000000000000000e+00
5.000000000000000000e+00,5.000000000000000000e+00
5.000000000000000000e+00,5.000000000000000000e+00
5.000000000000000000e+00,5.000000000000000000e+00
5.000000000000000000e+00,5.000000000000000000e+00
5.000000000000000000e+00,5.000000000000000000e+00
5.000000000000000000e+00,5.000000000000000000e+00
5.000000000000000000e+00,5.000000000000000000e+00
5.000000000000000000e+00,5.000000000000000000e+00
5.000000000000000000e+00,5.000000000000000000e+00
5.000000000000000000e+00,5.000000000000000000e+00
5.000000000000000000e+00,5.000000000000000000e+00
5.000000000000000000e+00,5.000000000000000000e+00
5.000000000000000000e+00,5.000000000000000000e+00
5.000000000000000000e+00,5.000000000000000000e+00
5.000000000000000000e+00,5.000000000000000000e+00
5.000000000000000000e+00,5.000000000000000000e+00
5.000000000000000000e+00,5.000000000000000000e+00
5.000000000000000000e+00,5.000000000000000000e+00
5.000000000000000000e+00,5.000000000000000000e+00
5.000000000000000000e+00,5.000000000000000000e+00
5.000000000000000000e+00,5.000000000000000000e+00
5.000000000000000000e+00,5.000000000000000000e+00
5.000000000000000000e+00,5.000000000000000000e+00
5.000000000000000000e+00,5.000000000000000000e+00
5.000000000000000000e+00,5.000000000000000000e+00
5.000000000000000000e+00,5.000000000000000000e+00
5.000000000000000000e+00,5.000000000000000000e+00
5.000000000000000000e+00,5.000000000000000000e+00
5.000000000000000000e+00,5.000000000000000000e+00
5.000000000000000000e+00,5.000000000000000000e+00
5.000000000000000000e+00,5.000000000000000000e+00
5.000000000000000000e+00,5.000000000000000000e+00
5.000000000000000000e+00,5.000000000000000000e+00
5.000000000000000000e+00,5.000000000000000000e+00
5.000000000000000000e+00,5.000000000000000000e+00
5.000000000000000000e+00,5.000000000000000000e+00
5.000000000000000000e+00,5.000000000000000000e+00
5.000000000000000000e+00,5.000000000000000000e+00
5.000000000000000000e+00,5.000000000000000000e+00
5.000000000000000000e+00,5.000000000000000000e+00
5.000000000000000000e+00,5.000000000000000000e+00
5.000000000000000000e+00,5.000000000000000000e+00
5.000000000000000000e+00,5.000000000000000000e+00
5.000000000000000000e+00,5.000000000000000000e+00
5.000000000000000000e+00,5.000000000000000000e+00
5.000000000000000000e+00,5.000000000000000000e+00
5.000000000000000000e+00,5.000000000000000000e+00
5.000000000000000000e+00,5.000000000000000000e+00
5.000000000000000000e+00,5.000000000000000000e+00
5.000000000000000000e+00,5.000000000000000000e+00
5.000000000000000000e+00,5.000000000000000000e+00
5.000000000000000000e+00,5.000000000000000000e+00
5.000000000000000000e+00,5.000000000000000000e+00
5.000000000000000000e+00,5.000000000000000000e+00
5.000000000000000000e+00,5.000000000000000000e+00
5.000000000000000000e+00,5.000000000000000000e+00
5.000000000000000000e+00,5.000000000000000000e+00
5.000000000000000000e+00,5.000000000000000000e+00
5.000000000000000000e+00,5.000000000000000000e+00
5.000000000000000000e+00,5.000000000000000000e+00
5.000000000000000000e+00,5.000000000000000000e+00
5.000000000000000000e+00,5.000000000000000000e+00
5.000000000000000000e+00,5.000000000000000000e+00
5.000000000000000000e+00,5.000000000000000000e+00
1.761933910697997874e+00,-2.434971603564268783e+00
-2.071403392963331314e+00,4.510316564750979751e+00
-2.359542007870087943e-01,-4.774918569046244343e+00
4.698454341727543948e+00,-1.210700185868647250e+00
-4.859844786682769424e+00,6.726381027977845761e-01
3.904608846008999379e+00,3.387906304088872389e+00
-1.090882261261723052e+00,2.197554255653257904e+00
2.304957444366639407e+00,1.073701819122092616e+00
2.194157295604526325e-02,-6.255076809066082433e-01
5.000000000000000000e+00,5.000000000000000000e+00
5.000000000000000000e+00,5.000000000000000000e+00
5.000000000000000000e+00,5.000000000000000000e+00
5.000000000000000000e+00,5.000000000000000000e+00
5.000000000000000000e+00,5.000000000000000000e+00
5.000000000000000000e+00,5.000000000000000000e+00
5.000000000000000000e+00,5.000000000000000000e+00
5.000000000000000000e+00,5.000000000000000000e+00
5.000000000000000000e+00,5.000000000000000000e+00
5.000000000000000000e+00,5.000000000000000000e+00
5.000000000000000000e+00,5.000000000000000000e+00
5.000000000000000000e+00,5.000000000000000000e+00
5.000000000000000000e+00,5.000000000000000000e+00
5.000000000000000000e+00,5.000000000000000000e+00
5.000000000000000000e+00,5.000000000000000000e+00
5.000000000000000000e+00,5.000000000000000000e+00
5.000000000000000000e+00,5.000000000000000000e+00
5.000000000000000000e+00,5.000000000000000000e+00
5.000000000000000000e+00,5.000000000000000000e+00
5.000000000000000000e+00,5.000000000000000000e+00
5.000000000000000000e+00,5.000000000000000000e+00
5.000000000000000000e+00,5.000000000000000000e+00
5.000000000000000000e+00,5.000000000000000000e+00
5.000000000000000000e+00,5.000000000000000000e+00
5.000000000000000000e+00,5.000000000000000000e+00
5.000000000000000000e+00,5.000000000000000000e+00
5.000000000000000000e+00,5.000000000000000000e+00
5.000000000000000000e+00,5.000000000000000000e+00
5.000000000000000000e+00,5.000000000000000000e+00
5.000000000000000000e+00,5.000000000000000000e+00
5.000000000000000000e+00,5.000000000000000000e+00
5.000000000000000000e+00,5.000000000000000000e+00
5.000000000000000000e+00,5.000000000000000000e+00
5.000000000000000000e+00,5.000000000000000000e+00
5.000000000000000000e+00,5.000000000000000000e+00
5.000000000000000000e+00,5.000000000000000000e+00
5.000000000000000000e+00,5.000000000000000000e+00
5.000000000000000000e+00,5.000000000000000000e+00
5.000000000000000000e+00,5.000000000000000000e+00
5.000000000000000000e+00,5.000000000000000000e+00
5.000000000000000000e+00,5.000000000000000000e+00
5.000000000000000000e+00,5.000000000000000000e+00
5.000000000000000000e+00,5.000000000000000000e+00
5.000000000000000000e+00,5.000000000000000000e+00
5.000000000000000000e+00,5.000000000000000000e+00
5.000000000000000000e+00,5.000000000000000000e+00
5.000000000000000000e+00,5.000000000000000000e+00
5.000000000000000000e+00,5.000000000000000000e+00
5.000000000000000000e+00,5.000000000000000000e+00
5.000000000000000000e+00,5.000000000000000000e+00
5.000000000000000000e+00,5.000000000000000000e+00
5.000000000000000000e+00,5.000000000000000000e+00
5.000000000000000000e+00,5.000000000000000000e+00
5.000000000000000000e+00,5.000000000000000000e+00
5.000000000000000000e+00,5.000000000000000000e+00
5.000000000000000000e+00,5.000000000000000000e+00
5.000000000000000000e+00,5.000000000000000000e+00
5.000000000000000000e+00,5.000000000000000000e+00
5.000000000000000000e+00,5.000000000000000000e+00
5.000000000000000000e+00,5.000000000000000000e+00
5.000000000000000000e+00,5.000000000000000000e+00
5.000000000000000000e+00,5.000000000000000000e+00
5.000000000000000000e+00,5.000000000000000000e+00
5.000000000000000000e+00,5.000000000000000000e+00
5.000000000000000000e+00,5.000000000000000000e+00
5.000000000000000000e+00,5.000000000000000000e+00
5.000000000000000000e+00,5.000000000000000000e+00
5.000000000000000000e+00,5.000000000000000000e+00
5.000000000000000000e+00,5.000000000000000000e+00
5.000000000000000000e+00,5.000000000000000000e+00
5.000000000000000000e+00,5.000000000000000000e+00
5.000000000000000000e+00,5.000000000000000000e+00
5.000000000000000000e+00,5.000000000000000000e+00
5.000000000000000000e+00,5.000000000000000000e+00
5.000000000000000000e+00,5.000000000000000000e+00
5.000000000000000000e+00,5.000000000000000000e+00
5.000000000000000000e+00,5.000000000000000000e+00
5.000000000000000000e+00,5.000000000000000000e+00
5.000000000000000000e+00,5.000000000000000000e+00
5.000000000000000000e+00,5.000000000000000000e+00
5.000000000000000000e+00,5.000000000000000000e+00
5.000000000000000000e+00,5.000000000000000000e+00
5.000000000000000000e+00,5.000000000000000000e+00
5.000000000000000000e+00,5.000000000000000000e+00
5.000000000000000000e+00,5.000000000000000000e+00
5.000000000000000000e+00,5.000000000000000000e+00
5.000000000000000000e+00,5.000000000000000000e+00
5.000000000000000000e+00,5.000000000000000000e+00
5.000000000000000000e+00,5.000000000000000000e+00
5.000000000000000000e+00,5.000000000000000000e+00
5.000000000000000000e+00,5.000000000000000000e+00
-2.185299488183145122e+00,-2.135532947195393660e+00
-1.026633109225999263e+00,4.143627206630046800e+00
1.508858087717817931e+00,2.906268324662413249e+00
2.056898199702823504e+00,-4.369868567269828752e+00
3.978644474785982155e+00,2.902183277370848913e-01
-3.300858728042453727e+00,1.531068792432118464e+00
-4.624453662104121676e+00,-5.873609608320071729e-01
4.658334509972048565e-01,-1.098189903123321098e+00
4.209036218095393522e+00,3.957687946259531131e+00
5.000000000000000000e+00,5.000000000000000000e+00
5.000000000000000000e+00,5.000000000000000000e+00
5.000000000000000000e+00,5.000000000000000000e+00
5.000000000000000000e+00,5.000000000000000000e+00
5.000000000000000000e+00,5.000000000000000000e+00
5.000000000000000000e+00,5.000000000000000000e+00
5.000000000000000000e+00,5.000000000000000000e+00
5.000000000000000000e+00,5.000000000000000000e+00
5.000000000000000000e+00,5.000000000000000000e+00
5.000000000000000000e+00,5.000000000000000000e+00
5.000000000000000000e+00,5.000000000000000000e+00
5.000000000000000000e+00,5.000000000000000000e+00
5.000000000000000000e+00,5.000000000000000000e+00
5.000000000000000000e+00,5.000000000000000000e+00
5.000000000000000000e+00,5.000000000000000000e+00
5.000000000000000000e+00,5.000000000000000000e+00
5.000000000000000000e+00,5.000000000000000000e+00
5.000000000000000000e+00,5.000000000000000000e+00
5.000000000000000000e+00,5.000000000000000000e+00
5.000000000000000000e+00,5.000000000000000000e+00
5.000000000000000000e+00,5.000000000000000000e+00
5.000000000000000000e+00,5.000000000000000000e+00
5.000000000000000000e+00,5.000000000000000000e+00
5.000000000000000000e+00,5.000000000000000000e+00
5.000000000000000000e+00,5.000000000000000000e+00
5.000000000000000000e+00,5.000000000000000000e+00
5.000000000000000000e+00,5.000000000000000000e+00
5.000000000000000000e+00,5.000000000000000000e+00
5.000000000000000000e+00,5.000000000000000000e+00
5.000000000000000000e+00,5.000000000000000000e+00
5.000000000000000000e+00,5.000000000000000000e+00
5.000000000000000000e+00,5.000000000000000000e+00
5.000000000000000000e+00,5.000000000000000000e+00
5.000000000000000000e+00,5.000000000000000000e+00
5.000000000000000000e+00,5.000000000000000000e+00
5.000000000000000000e+00,5.000000000000000000e+00
5.000000000000000000e+00,5.000000000000000000e+00
5.000000000000000000e+00,5.000000000000000000e+00
5.000000000000000000e+00,5.000000000000000000e+00
5.000000000000000000e+00,5.000000000000000000e+00
5.000000000000000000e+00,5.000000000000000000e+00
5.000000000000000000e+00,5.000000000000000000e+00
5.000000000000000000e+00,5.000000000000000000e+00
5.000000000000000000e+00,5.000000000000000000e+00
5.000000000000000000e+00,5.000000000000000000e+00
5.000000000000000000e+00,5.000000000000000000e+00
5.000000000000000000e+00,5.000000000000000000e+00
5.000000000000000000e+00,5.000000000000000000e+00
5.000000000000000000e+00,5.000000000000000000e+00
5.000000000000000000e+00,5.000000000000000000e+00
5.000000000000000000e+00,5.000000000000000000e+00
5.000000000000000000e+00,5.000000000000000000e+00
5.000000000000000000e+00,5.000000000000000000e+00
5.000000000000000000e+00,5.000000000000000000e+00
5.000000000000000000e+00,5.000000000000000000e+00
5.000000000000000000e+00,5.000000000000000000e+00
5.000000000000000000e+00,5.000000000000000000e+00
5.000000000000000000e+00,5.000000000000000000e+00
5.000000000000000000e+00,5.000000000000000000e+00
5.000000000000000000e+00,5.000000000000000000e+00
5.000000000000000000e+00,5.000000000000000000e+00
5.000000000000000000e+00,5.000000000000000000e+00
5.000000000000000000e+00,5.000000000000000000e+00
5.000000000000000000e+00,5.000000000000000000e+00
5.000000000000000000e+00,5.000000000000000000e+00
5.000000000000000000e+00,5.000000000000000000e+00
5.000000000000000000e+00,5.000000000000000000e+00
5.000000000000000000e+00,5.000000000000000000e+00
5.000000000000000000e+00,5.000000000000000000e+00
5.000000000000000000e+00,5.000000000000000000e+00
5.000000000000000000e+00,5.000000000000000000e+00
5.000000000000000000e+00,5.000000000000000000e+00
5.000000000000000000e+00,5.000000000000000000e+00
5.000000000000000000e+00,5.000000000000000000e+00
5.000000000000000000e+00,5.000000000000000000e+00
5.000000000000000000e+00,5.000000000000000000e+00
5.000000000000000000e+00,5.000000000000000000e+00
5.000000000000000000e+00,5.000000000000000000e+00
5.000000000000000000e+00,5.000000000000000000e+00
5.000000000000000000e+00,5.000000000000000000e+00
5.000000000000000000e+00,5.000000000000000000e+00
5.000000000000000000e+00,5.000000000000000000e+00
5.000000000000000000e+00,5.000000000000000000e+00
5.000000000000000000e+00,5.000000000000000000e+00
5.000000000000000000e+00,5.000000000000000000e+00
5.000000000000000000e+00,5.000000000000000000e+00
5.000000000000000000e+00,5.000000000000000000e+00
5.000000000000000000e+00,5.000000000000000000e+00
5.000000000000000000e+00,5.000000000000000000e+00
5.000000000000000000e+00,5.000000000000000000e+00
5.000000000000000000e+00,5.000000000000000000e+00
2.819851824911213889e+00,3.587219021297062937e+00
-2.811293329046037570e+00,-1.017707337763635866e+00
1.041294019739877896e-01,1.695894785851493225e+00
4.599423629866134178e+00,1.916530339472242161e-01
-2.353357359166077245e-01,-2.954746335701603055e+00
-1.079237229166361001e+00,4.375191831587624591e+00
1.824479503010902448e+00,-3.256593402074994259e-01
-4.677876641058864138e+00,-3.278706589584837516e+00
-3.468466987855676642e+00,2.758119935768849729e+00
5.000000000000000000e+00,5.000000000000000000e+00
5.000000000000000000e+00,5.000000000000000000e+00
5.000000000000000000e+00,5.000000000000000000e+00
5.000000000000000000e+00,5.000000000000000000e+00
5.000000000000000000e+00,5.000000000000000000e+00
5.000000000000000000e+00,5.000000000000000000e+00
5.000000000000000000e+00,5.000000000000000000e+00
5.000000000000000000e+00,5.000000000000000000e+00
5.000000000000000000e+00,5.000000000000000000e+00
5.000000000000000000e+00,5.000000000000000000e+00
5.000000000000000000e+00,5.000000000000000000e+00
5.000000000000000000e+00,5.000000000000000000e+00
5.000000000000000000e+00,5.000000000000000000e+00
5.000000000000000000e+00,5.000000000000000000e+00
5.000000000000000000e+00,5.000000000000000000e+00
5.000000000000000000e+00,5.000000000000000000e+00
5.000000000000000000e+00,5.000000000000000000e+00
5.000000000000000000e+00,5.000000000000000000e+00
5.000000000000000000e+00,5.000000000000000000e+00
5.000000000000000000e+00,5.000000000000000000e+00
5.000000000000000000e+00,5.000000000000000000e+00
5.000000000000000000e+00,5.000000000000000000e+00
5.000000000000000000e+00,5.000000000000000000e+00
5.000000000000000000e+00,5.000000000000000000e+00
5.000000000000000000e+00,5.000000000000000000e+00
5.000000000000000000e+00,5.000000000000000000e+00
5.000000000000000000e+00,5.000000000000000000e+00
5.000000000000000000e+00,5.000000000000000000e+00
5.000000000000000000e+00,5.000000000000000000e+00
5.000000000000000000e+00,5.000000000000000000e+00
5.000000000000000000e+00,5.000000000000000000e+00
5.000000000000000000e+00,5.000000000000000000e+00
5.000000000000000000e+00,5.000000000000000000e+00
5.000000000000000000e+00,5.000000000000000000e+00
5.000000000000000000e+00,5.000000000000000000e+00
5.000000000000000000e+00,5.000000000000000000e+00
5.000000000000000000e+00,5.000000000000000000e+00
5.000000000000000000e+00,5.000000000000000000e+00
5.000000000000000000e+00,5.000000000000000000e+00
5.000000000000000000e+00,5.000000000000000000e+00
5.000000000000000000e+00,5.000000000000000000e+00
5.000000000000000000e+00,5.000000000000000000e+00
5.000000000000000000e+00,5.000000000000000000e+00
5.000000000000000000e+00,5.000000000000000000e+00
5.000000000000000000e+00,5.000000000000000000e+00
5.000000000000000000e+00,5.000000000000000000e+00
5.000000000000000000e+00,5.000000000000000000e+00
5.000000000000000000e+00,5.000000000000000000e+00
5.000000000000000000e+00,5.000000000000000000e+00
5.000000000000000000e+00,5.000000000000000000e+00
5.000000000000000000e+00,5.000000000000000000e+00
5.000000000000000000e+00,5.000000000000000000e+00
5.000000000000000000e+00,5.000000000000000000e+00
5.000000000000000000e+00,5.000000000000000000e+00
5.000000000000000000e+00,5.000000000000000000e+00
5.000000000000000000e+00,5.000000000000000000e+00
5.000000000000000000e+00,5.000000000000000000e+00
5.000000000000000000e+00,5.000000000000000000e+00
5.000000000000000000e+00,5.000000000000000000e+00
5.000000000000000000e+00,5.000000000000000000e+00
5.000000000000000000e+00,5.000000000000000000e+00
5.000000000000000000e+00,5.000000000000000000e+00
5.000000000000000000e+00,5.000000000000000000e+00
5.000000000000000000e+00,5.000000000000000000e+00
5.000000000000000000e+00,5.000000000000000000e+00
5.000000000000000000e+00,5.000000000000000000e+00
5.000000000000000000e+00,5.000000000000000000e+00
5.000000000000000000e+00,5.000000000000000000e+00
5.000000000000000000e+00,5.000000000000000000e+00
5.000000000000000000e+00,5.000000000000000000e+00
5.000000000000000000e+00,5.000000000000000000e+00
5.000000000000000000e+00,5.000000000000000000e+00
5.000000000000000000e+00,5.000000000000000000e+00
5.000000000000000000e+00,5.000000000000000000e+00
5.000000000000000000e+00,5.000000000000000000e+00
5.000000000000000000e+00,5.000000000000000000e+00
5.000000000000000000e+00,5.000000000000000000e+00
5.000000000000000000e+00,5.000000000000000000e+00
5.000000000000000000e+00,5.000000000000000000e+00
5.000000000000000000e+00,5.000000000000000000e+00
5.000000000000000000e+00,5.000000000000000000e+00
5.000000000000000000e+00,5.000000000000000000e+00
5.000000000000000000e+00,5.000000000000000000e+00
5.000000000000000000e+00,5.000000000000000000e+00
5.000000000000000000e+00,5.000000000000000000e+00
5.000000000000000000e+00,5.000000000000000000e+00
5.000000000000000000e+00,5.000000000000000000e+00
5.000000000000000000e+00,5.000000000000000000e+00
5.000000000000000000e+00,5.000000000000000000e+00
5.000000000000000000e+00,5.000000000000000000e+00
5.000000000000000000e+00,5.000000000000000000e+00
-1.993531755465660638e+00,1.747116296922866852e+00
-3.254434139148462357e+00,-6.331400074235018494e-01
1.772952957551723330e+00,-2.832461411199997503e+00
2.983199234709848824e+00,3.853371359228070503e-01
8.737262219062937874e-01,3.353731722539496474e+00
4.615478376166255003e+00,-3.805733020329054916e+00
-2.355230345048100471e+00,-4.096444301913136243e+00
-4.600689262518389278e+00,4.510844351618985115e+00
-6.533236715361621094e-01,-1.846413043647249896e+00
5.000000000000000000e+00,5.000000000000000000e+00
5.000000000000000000e+00,5.000000000000000000e+00
5.000000000000000000e+00,5.000000000000000000e+00
5.000000000000000000e+00,5.000000000000000000e+00
5.000000000000000000e+00,5.000000000000000000e+00
5.000000000000000000e+00,5.000000000000000000e+00
5.000000000000000000e+00,5.000000000000000000e+00
5.000000000000000000e+00,5.000000000000000000e+00
5.000000000000000000e+00,5.000000000000000000e+00
5.000000000000000000e+00,5.000000000000000000e+00
5.000000000000000000e+00,5.000000000000000000e+00
5.000000000000000000e+00,5.000000000000000000e+00
5.000000000000000000e+00,5.000000000000000000e+00
5.000000000000000000e+00,5.000000000000000000e+00
5.000000000000000000e+00,5.000000000000000000e+00
5.000000000000000000e+00,5.000000000000000000e+00
5.000000000000000000e+00,5.000000000000000000e+00
5.000000000000000000e+00,5.000000000000000000e+00
5.000000000000000000e+00,5.000000000000000000e+00
5.000000000000000000e+00,5.000000000000000000e+00
5.000000000000000000e+00,5.000000000000000000e+00
5.000000000000000000e+00,5.000000000000000000e+00
5.000000000000000000e+00,5.000000000000000000e+00
5.000000000000000000e+00,5.000000000000000000e+00
5.000000000000000000e+00,5.000000000000000000e+00
5.000000000000000000e+00,5.000000000000000000e+00
5.000000000000000000e+00,5.000000000000000000e+00
5.000000000000000000e+00,5.000000000000000000e+00
5.000000000000000000e+00,5.000000000000000000e+00
5.000000000000000000e+00,5.000000000000000000e+00
5.000000000000000000e+00,5.000000000000000000e+00
5.000000000000000000e+00,5.000000000000000000e+00
5.000000000000000000e+00,5.000000000000000000e+00
5.000000000000000000e+00,5.000000000000000000e+00
5.000000000000000000e+00,5.000000000000000000e+00
5.000000000000000000e+00,5.000000000000000000e+00
5.000000000000000000e+00,5.000000000000000000e+00
5.000000000000000000e+00,5.000000000000000000e+00
5.000000000000000000e+00,5.000000000000000000e+00
5.000000000000000000e+00,5.000000000000000000e+00
5.000000000000000000e+00,5.000000000000000000e+00
5.000000000000000000e+00,5.000000000000000000e+00
5.000000000000000000e+00,5.000000000000000000e+00
5.000000000000000000e+00,5.000000000000000000e+00
5.000000000000000000e+00,5.000000000000000000e+00
5.000000000000000000e+00,5.000000000000000000e+00
5.000000000000000000e+00,5.000000000000000000e+00
5.000000000000000000e+00,5.000000000000000000e+00
5.000000000000000000e+00,5.000000000000000000e+00
5.000000000000000000e+00,5.000000000000000000e+00
5.000000000000000000e+00,5.000000000000000000e+00
5.000000000000000000e+00,5.000000000000000000e+00
5.000000000000000000e+00,5.000000000000000000e+00
5.000000000000000000e+00,5.000000000000000000e+00
5.000000000000000000e+00,5.000000000000000000e+00
5.000000000000000000e+00,5.000000000000000000e+00
5.000000000000000000e+00,5.000000000000000000e+00
5.000000000000000000e+00,5.000000000000000000e+00
5.000000000000000000e+00,5.000000000000000000e+00
5.000000000000000000e+00,5.000000000000000000e+00
5.000000000000000000e+00,5.000000000000000000e+00
5.000000000000000000e+00,5.000000000000000000e+00
5.000000000000000000e+00,5.000000000000000000e+00
5.000000000000000000e+00,5.000000000000000000e+00
5.000000000000000000e+00,5.000000000000000000e+00
5.000000000000000000e+00,5.000000000000000000e+00
5.000000000000000000e+00,5.000000000000000000e+00
5.000000000000000000e+00,5.000000000000000000e+00
5.000000000000000000e+00,5.000000000000000000e+00
5.000000000000000000e+00,5.000000000000000000e+00
5.000000000000000000e+00,5.000000000000000000e+00
5.000000000000000000e+00,5.000000000000000000e+00
5.000000000000000000e+00,5.000000000000000000e+00
5.000000000000000000e+00,5.000000000000000000e+00
5.000000000000000000e+00,5.000000000000000000e+00
5.000000000000000000e+00,5.000000000000000000e+00
5.000000000000000000e+00,5.000000000000000000e+00
5.000000000000000000e+00,5.000000000000000000e+00
5.000000000000000000e+00,5.000000000000000000e+00
5.000000000000000000e+00,5.000000000000000000e+00
5.000000000000000000e+00,5.000000000000000000e+00
5.000000000000000000e+00,5.000000000000000000e+00
5.000000000000000000e+00,5.000000000000000000e+00
5.000000000000000000e+00,5.000000000000000000e+00
5.000000000000000000e+00,5.000000000000000000e+00
5.000000000000000000e+00,5.000000000000000000e+00
5.000000000000000000e+00,5.000000000000000000e+00
5.000000000000000000e+00,5.000000000000000000e+00
5.000000000000000000e+00,5.000000000000000000e+00
5.000000000000000000e+00,5.000000000000000000e+00
5.000000000000000000e+00,5.000000000000000000e+00
2.234714471070381236e+00,-4.645832676893672186e+00
-4.398263253885833279e+00,4.605267917116949050e+00
4.489147881683782870e+00,-4.745971964181929792e-01
3.937649659814272951e+00,2.803482764655238491e+00
-1.628006667821097153e+00,3.537821977835749365e+00
1.362853403817348763e+00,-1.866646133397911189e+00
2.189383419424304478e-01,1.160009083355707737e+00
-3.569941528240605066e+00,-2.167531981397477381e+00
-6.692012208893700631e-01,-3.816172896105364476e+00
5.000000000000000000e+00,5.000000000000000000e+00
5.000000000000000000e+00,5.000000000000000000e+00
5.000000000000000000e+00,5.000000000000000000e+00
5.000000000000000000e+00,5.000000000000000000e+00
5.000000000000000000e+00,5.000000000000000000e+00
5.000000000000000000e+00,5.000000000000000000e+00
5.000000000000000000e+00,5.000000000000000000e+00
5.000000000000000000e+00,5.000000000000000000e+00
5.000000000000000000e+00,5.000000000000000000e+00
5.000000000000000000e+00,5.000000000000000000e+00
5.000000000000000000e+00,5.000000000000000000e+00
5.000000000000000000e+00,5.000000000000000000e+00
5.000000000000000000e+00,5.000000000000000000e+00
5.000000000000000000e+00,5.000000000000000000e+00
5.000000000000000000e+00,5.000000000000000000e+00
5.000000000000000000e+00,5.000000000000000000e+00
5.000000000000000000e+00,5.000000000000000000e+00
5.000000000000000000e+00,5.000000000000000000e+00
5.000000000000000000e+00,5.000000000000000000e+00
5.000000000000000000e+00,5.000000000000000000e+00
5.000000000000000000e+00,5.000000000000000000e+00
5.000000000000000000e+00,5.000000000000000000e+00
5.000000000000000000e+00,5.000000000000000000e+00
5.000000000000000000e+00,5.000000000000000000e+00
5.000000000000000000e+00,5.000000000000000000e+00
5.000000000000000000e+00,5.000000000000000000e+00
5.000000000000000000e+00,5.000000000000000000e+00
5.000000000000000000e+00,5.000000000000000000e+00
5.000000000000000000e+00,5.000000000000000000e+00
5.000000000000000000e+00,5.000000000000000000e+00
5.000000000000000000e+00,5.000000000000000000e+00
5.000000000000000000e+00,5.000000000000000000e+00
5.000000000000000000e+00,5.000000000000000000e+00
5.000000000000000000e+00,5.000000000000000000e+00
5.000000000000000000e+00,5.000000000000000000e+00
5.000000000000000000e+00,5.000000000000000000e+00
5.000000000000000000e+00,5.000000000000000000e+00
5.000000000000000000e+00,5.000000000000000000e+00
5.000000000000000000e+00,5.000000000000000000e+00
5.000000000000000000e+00,5.000000000000000000e+00
5.000000000000000000e+00,5.000000000000000000e+00
5.000000000000000000e+00,5.000000000000000000e+00
5.000000000000000000e+00,5.000000000000000000e+00
5.000000000000000000e+00,5.000000000000000000e+00
5.000000000000000000e+00,5.000000000000000000e+00
5.000000000000000000e+00,5.000000000000000000e+00
5.000000000000000000e+00,5.000000000000000000e+00
5.000000000000000000e+00,5.000000000000000000e+00
5.000000000000000000e+00,5.000000000000000000e+00
5.000000000000000000e+00,5.000000000000000000e+00
5.000000000000000000e+00,5.000000000000000000e+00
5.000000000000000000e+00,5.000000000000000000e+00
5.000000000000000000e+00,5.000000000000000000e+00
5.000000000000000000e+00,5.000000000000000000e+00
5.000000000000000000e+00,5.000000000000000000e+00
5.000000000000000000e+00,5.000000000000000000e+00
5.000000000000000000e+00,5.000000000000000000e+00
5.000000000000000000e+00,5.000000000000000000e+00
5.000000000000000000e+00,5.000000000000000000e+00
5.000000000000000000e+00,5.000000000000000000e+00
5.000000000000000000e+00,5.000000000000000000e+00
5.000000000000000000e+00,5.000000000000000000e+00
5.000000000000000000e+00,5.000000000000000000e+00
5.000000000000000000e+00,5.000000000000000000e+00
5.000000000000000000e+00,5.000000000000000000e+00
5.000000000000000000e+00,5.000000000000000000e+00
5.000000000000000000e+00,5.000000000000000000e+00
5.000000000000000000e+00,5.000000000000000000e+00
5.000000000000000000e+00,5.000000000000000000e+00
5.000000000000000000e+00,5.000000000000000000e+00
5.000000000000000000e+00,5.000000000000000000e+00
5.000000000000000000e+00,5.000000000000000000e+00
5.000000000000000000e+00,5.000000000000000000e+00
5.000000000000000000e+00,5.000000000000000000e+00
5.000000000000000000e+00,5.000000000000000000e+00
5.000000000000000000e+00,5.000000000000000000e+00
5.000000000000000000e+00,5.000000000000000000e+00
5.000000000000000000e+00,5.000000000000000000e+00
5.000000000000000000e+00,5.000000000000000000e+00
5.000000000000000000e+00,5.000000000000000000e+00
5.000000000000000000e+00,5.000000000000000000e+00
5.000000000000000000e+00,5.000000000000000000e+00
5.000000000000000000e+00,5.000000000000000000e+00
5.000000000000000000e+00,5.000000000000000000e+00
5.000000000000000000e+00,5.000000000000000000e+00
5.000000000000000000e+00,5.000000000000000000e+00
5.000000000000000000e+00,5.000000000000000000e+00
5.000000000000000000e+00,5.000000000000000000e+00
5.000000000000000000e+00,5.000000000000000000e+00
5.000000000000000000e+00,5.000000000000000000e+00
5.000000000000000000e+00,5.000000000000000000e+00
-3.356255623747379069e+00,-2.320933034834413267e+00
2.074218291905857825e+00,1.767160745391373133e+00
4.714448910348792765e+00,2.274327678809521913e+00
-5.418217148628770019e-01,-7.354711575579155891e-01
-2.494647563205461438e+00,8.778286256088865258e-01
3.207338710174932217e+00,-1.381954457513696610e+00
1.133363596116902627e+00,4.859462449578195731e+00
-1.388327905021594866e+00,3.843000811940505912e+00
2.853596617792586443e-02,-3.420692145476029733e+00
5.000000000000000000e+00,5.000000000000000000e+00
5.000000000000000000e+00,5.000000000000000000e+00
5.000000000000000000e+00,5.000000000000000000e+00
5.000000000000000000e+00,5.000000000000000000e+00
5.000000000000000000e+00,5.000000000000000000e+00
5.000000000000000000e+00,5.000000000000000000e+00
5.000000000000000000e+00,5.000000000000000000e+00
5.000000000000000000e+00,5.000000000000000000e+00
5.000000000000000000e+00,5.000000000000000000e+00
5.000000000000000000e+00,5.000000000000000000e+00
5.000000000000000000e+00,5.000000000000000000e+00
5.000000000000000000e+00,5.000000000000000000e+00
5.000000000000000000e+00,5.000000000000000000e+00
5.000000000000000000e+00,5.000000000000000000e+00
5.000000000000000000e+00,5.000000000000000000e+00
5.000000000000000000e+00,5.000000000000000000e+00
5.000000000000000000e+00,5.000000000000000000e+00
5.000000000000000000e+00,5.000000000000000000e+00
5.000000000000000000e+00,5.000000000000000000e+00
5.000000000000000000e+00,5.000000000000000000e+00
5.000000000000000000e+00,5.000000000000000000e+00
5.000000000000000000e+00,5.000000000000000000e+00
5.000000000000000000e+00,5.000000000000000000e+00
5.000000000000000000e+00,5.000000000000000000e+00
5.000000000000000000e+00,5.000000000000000000e+00
5.000000000000000000e+00,5.000000000000000000e+00
5.000000000000000000e+00,5.000000000000000000e+00
5.000000000000000000e+00,5.000000000000000000e+00
5.000000000000000000e+00,5.000000000000000000e+00
5.000000000000000000e+00,5.000000000000000000e+00
5.000000000000000000e+00,5.000000000000000000e+00
5.000000000000000000e+00,5.000000000000000000e+00
5.000000000000000000e+00,5.000000000000000000e+00
5.000000000000000000e+00,5.000000000000000000e+00
5.000000000000000000e+00,5.000000000000000000e+00
5.000000000000000000e+00,5.000000000000000000e+00
5.000000000000000000e+00,5.000000000000000000e+00
5.000000000000000000e+00,5.000000000000000000e+00
5.000000000000000000e+00,5.000000000000000000e+00
5.000000000000000000e+00,5.000000000000000000e+00
5.000000000000000000e+00,5.000000000000000000e+00
5.000000000000000000e+00,5.000000000000000000e+00
5.000000000000000000e+00,5.000000000000000000e+00
5.000000000000000000e+00,5.000000000000000000e+00
5.000000000000000000e+00,5.000000000000000000e+00
5.000000000000000000e+00,5.000000000000000000e+00
5.000000000000000000e+00,5.000000000000000000e+00
5.000000000000000000e+00,5.000000000000000000e+00
5.000000000000000000e+00,5.000000000000000000e+00
5.000000000000000000e+00,5.000000000000000000e+00
5.000000000000000000e+00,5.000000000000000000e+00
5.000000000000000000e+00,5.000000000000000000e+00
5.000000000000000000e+00,5.000000000000000000e+00
5.000000000000000000e+00,5.000000000000000000e+00
5.000000000000000000e+00,5.000000000000000000e+00
5.000000000000000000e+00,5.000000000000000000e+00
5.000000000000000000e+00,5.000000000000000000e+00
5.000000000000000000e+00,5.000000000000000000e+00
5.000000000000000000e+00,5.000000000000000000e+00
5.000000000000000000e+00,5.000000000000000000e+00
5.000000000000000000e+00,5.000000000000000000e+00
5.000000000000000000e+00,5.000000000000000000e+00
5.000000000000000000e+00,5.000000000000000000e+00
5.000000000000000000e+00,5.000000000000000000e+00
5.000000000000000000e+00,5.000000000000000000e+00
5.000000000000000000e+00,5.000000000000000000e+00
5.000000000000000000e+00,5.000000000000000000e+00
5.000000000000000000e+00,5.000000000000000000e+00
5.000000000000000000e+00,5.000000000000000000e+00
5.000000000000000000e+00,5.000000000000000000e+00
5.000000000000000000e+00,5.000000000000000000e+00
5.000000000000000000e+00,5.000000000000000000e+00
5.000000000000000000e+00,5.000000000000000000e+00
5.000000000000000000e+00,5.000000000000000000e+00
5.000000000000000000e+00,5.000000000000000000e+00
5.000000000000000000e+00,5.000000000000000000e+00
5.000000000000000000e+00,5.000000000000000000e+00
5.000000000000000000e+00,5.000000000000000000e+00
5.000000000000000000e+00,5.000000000000000000e+00
5.000000000000000000e+00,5.000000000000000000e+00
5.000000000000000000e+00,5.000000000000000000e+00
5.000000000000000000e+00,5.000000000000000000e+00
5.000000000000000000e+00,5.000000000000000000e+00
5.000000000000000000e+00,5.000000000000000000e+00
5.000000000000000000e+00,5.000000000000000000e+00
5.000000000000000000e+00,5.000000000000000000e+00
5.000000000000000000e+00,5.000000000000000000e+00
5.000000000000000000e+00,5.000000000000000000e+00
5.000000000000000000e+00,5.000000000000000000e+00
5.000000000000000000e+00,5.000000000000000000e+00
5.000000000000000000e+00,5.000000000000000000e+00
-4.646646753027726895e+00,-3.288348444176177665e+00
-5.824037055546256170e-01,4.657201087127260664e+00
4.434551483178950093e-02,-4.736293819407197958e+00
-3.927260677196855010e+00,-7.257943117727903015e-01
4.809896936459699290e+00,1.855750612302475844e-02
2.044267505047885791e+00,1.726644283109822986e+00
1.434056674860194391e+00,-1.001145468408149775e+00
3.776862035295954101e+00,3.958786218853964201e+00
-1.520526723692297022e+00,2.223331050934501008e+00
5.000000000000000000e+00,5.000000000000000000e+00
5.000000000000000000e+00,5.000000000000000000e+00
5.000000000000000000e+00,5.000000000000000000e+00
5.000000000000000000e+00,5.000000000000000000e+00
5.000000000000000000e+00,5.000000000000000000e+00
5.000000000000000000e+00,5.000000000000000000e+00
5.000000000000000000e+00,5.000000000000000000e+00
5.000000000000000000e+00,5.000000000000000000e+00
5.000000000000000000e+00,5.000000000000000000e+00
5.000000000000000000e+00,5.000000000000000000e+00
5.000000000000000000e+00,5.000000000000000000e+00
5.000000000000000000e+00,5.000000000000000000e+00
5.000000000000000000e+00,5.000000000000000000e+00
5.000000000000000000e+00,5.000000000000000000e+00
5.000000000000000000e+00,5.000000000000000000e+00
5.000000000000000000e+00,5.000000000000000000e+00
5.000000000000000000e+00,5.000000000000000000e+00
5.000000000000000000e+00,5.000000000000000000e+00
5.000000000000000000e+00,5.000000000000000000e+00
5.000000000000000000e+00,5.000000000000000000e+00
5.000000000000000000e+00,5.000000000000000000e+00
5.000000000000000000e+00,5.000000000000000000e+00
5.000000000000000000e+00,5.000000000000000000e+00
5.000000000000000000e+00,5.000000000000000000e+00
5.000000000000000000e+00,5.000000000000000000e+00
5.000000000000000000e+00,5.000000000000000000e+00
5.000000000000000000e+00,5.000000000000000000e+00
5.000000000000000000e+00,5.000000000000000000e+00
5.000000000000000000e+00,5.000000000000000000e+00
5.000000000000000000e+00,5.000000000000000000e+00
5.000000000000000000e+00,5.000000000000000000e+00
5.000000000000000000e+00,5.000000000000000000e+00
5.000000000000000000e+00,5.000000000000000000e+00
5.000000000000000000e+00,5.000000000000000000e+00
5.000000000000000000e+00,5.000000000000000000e+00
5.000000000000000000e+00,5.000000000000000000e+00
5.000000000000000000e+00,5.000000000000000000e+00
5.000000000000000000e+00,5.000000000000000000e+00
5.000000000000000000e+00,5.000000000000000000e+00
5.000000000000000000e+00,5.000000000000000000e+00
5.000000000000000000e+00,5.000000000000000000e+00
5.000000000000000000e+00,5.000000000000000000e+00
5.000000000000000000e+00,5.000000000000000000e+00
5.000000000000000000e+00,5.000000000000000000e+00
5.000000000000000000e+00,5.000000000000000000e+00
5.000000000000000000e+00,5.000000000000000000e+00
5.000000000000000000e+00,5.000000000000000000e+00
5.000000000000000000e+00,5.000000000000000000e+00
5.000000000000000000e+00,5.000000000000000000e+00
5.000000000000000000e+00,5.000000000000000000e+00
5.000000000000000000e+00,5.000000000000000000e+00
5.000000000000000000e+00,5.000000000000000000e+00
5.000000000000000000e+00,5.000000000000000000e+00
5.000000000000000000e+00,5.000000000000000000e+00
5.000000000000000000e+00,5.000000000000000000e+00
5.000000000000000000e+00,5.000000000000000000e+00
5.000000000000000000e+00,5.000000000000000000e+00
5.000000000000000000e+00,5.000000000000000000e+00
5.000000000000000000e+00,5.000000000000000000e+00
5.000000000000000000e+00,5.000000000000000000e+00
5.000000000000000000e+00,5.000000000000000000e+00
5.000000000000000000e+00,5.000000000000000000e+00
5.000000000000000000e+00,5.000000000000000000e+00
5.000000000000000000e+00,5.000000000000000000e+00
5.000000000000000000e+00,5.000000000000000000e+00
5.000000000000000000e+00,5.000000000000000000e+00
5.000000000000000000e+00,5.000000000000000000e+00
5.000000000000000000e+00,5.000000000000000000e+00
5.000000000000000000e+00,5.000000000000000000e+00
5.000000000000000000e+00,5.000000000000000000e+00
5.000000000000000000e+00,5.000000000000000000e+00
5.000000000000000000e+00,5.000000000000000000e+00
5.000000000000000000e+00,5.000000000000000000e+00
5.000000000000000000e+00,5.000000000000000000e+00
5.000000000000000000e+00,5.000000000000000000e+00
5.000000000000000000e+00,5.000000000000000000e+00
5.000000000000000000e+00,5.000000000000000000e+00
5.000000000000000000e+00,5.000000000000000000e+00
5.000000000000000000e+00,5.000000000000000000e+00
5.000000000000000000e+00,5.000000000000000000e+00
5.000000000000000000e+00,5.000000000000000000e+00
5.000000000000000000e+00,5.000000000000000000e+00
5.000000000000000000e+00,5.000000000000000000e+00
5.000000000000000000e+00,5.000000000000000000e+00
5.000000000000000000e+00,5.000000000000000000e+00
5.000000000000000000e+00,5.000000000000000000e+00
5.000000000000000000e+00,5.000000000000000000e+00
5.000000000000000000e+00,5.000000000000000000e+00
5.000000000000000000e+00,5.000000000000000000e+00
5.000000000000000000e+00,5.000000000000000000e+00
5.000000000000000000e+00,5.000000000000000000e+00
-3.039839510705295567e-01,5.349338800898326696e-01
-2.510118440850514610e+00,-3.282751388801490311e+00
4.990520918965245301e+00,-2.200763217997567800e+00
3.739654174907876438e+00,1.717510825584090739e+00
-4.879067666959881144e+00,-3.445047959373681579e-02
1.164345987203819988e+00,-1.752213141328113011e+00
-3.927302204016554388e+00,3.789580531010384945e+00
2.387864617168563797e+00,-4.253572298262938034e+00
8.496129945646204717e-01,2.792149821146301392e+00
5.000000000000000000e+00,5.000000000000000000e+00
5.000000000000000000e+00,5.000000000000000000e+00
5.000000000000000000e+00,5.000000000000000000e+00
5.000000000000000000e+00,5.000000000000000000e+00
5.000000000000000000e+00,5.000000000000000000e+00
5.000000000000000000e+00,5.000000000000000000e+00
5.000000000000000000e+00,5.000000000000000000e+00
5.000000000000000000e+00,5.000000000000000000e+00
5.000000000000000000e+00,5.000000000000000000e+00
5.000000000000000000e+00,5.000000000000000000e+00
5.000000000000000000e+00,5.000000000000000000e+00
5.000000000000000000e+00,5.000000000000000000e+00
5.000000000000000000e+00,5.000000000000000000e+00
5.000000000000000000e+00,5.000000000000000000e+00
5.000000000000000000e+00,5.000000000000000000e+00
5.000000000000000000e+00,5.000000000000000000e+00
5.000000000000000000e+00,5.000000000000000000e+00
5.000000000000000000e+00,5.000000000000000000e+00
5.000000000000000000e+00,5.000000000000000000e+00
5.000000000000000000e+00,5.000000000000000000e+00
5.000000000000000000e+00,5.000000000000000000e+00
5.000000000000000000e+00,5.000000000000000000e+00
5.000000000000000000e+00,5.000000000000000000e+00
5.000000000000000000e+00,5.000000000000000000e+00
5.000000000000000000e+00,5.000000000000000000e+00
5.000000000000000000e+00,5.000000000000000000e+00
5.000000000000000000e+00,5.000000000000000000e+00
5.000000000000000000e+00,5.000000000000000000e+00
5.000000000000000000e+00,5.000000000000000000e+00
5.000000000000000000e+00,5.000000000000000000e+00
5.000000000000000000e+00,5.000000000000000000e+00
5.000000000000000000e+00,5.000000000000000000e+00
5.000000000000000000e+00,5.000000000000000000e+00
5.000000000000000000e+00,5.000000000000000000e+00
5.000000000000000000e+00,5.000000000000000000e+00
5.000000000000000000e+00,5.000000000000000000e+00
5.000000000000000000e+00,5.000000000000000000e+00
5.000000000000000000e+00,5.000000000000000000e+00
5.000000000000000000e+00,5.000000000000000000e+00
5.000000000000000000e+00,5.000000000000000000e+00
5.000000000000000000e+00,5.000000000000000000e+00
5.000000000000000000e+00,5.000000000000000000e+00
5.000000000000000000e+00,5.000000000000000000e+00
5.000000000000000000e+00,5.000000000000000000e+00
5.000000000000000000e+00,5.000000000000000000e+00
5.000000000000000000e+00,5.000000000000000000e+00
5.000000000000000000e+00,5.000000000000000000e+00
5.000000000000000000e+00,5.000000000000000000e+00
5.000000000000000000e+00,5.000000000000000000e+00
5.000000000000000000e+00,5.000000000000000000e+00
5.000000000000000000e+00,5.000000000000000000e+00
5.000000000000000000e+00,5.000000000000000000e+00
5.000000000000000000e+00,5.000000000000000000e+00
5.000000000000000000e+00,5.000000000000000000e+00
5.000000000000000000e+00,5.000000000000000000e+00
5.000000000000000000e+00,5.000000000000000000e+00
5.000000000000000000e+00,5.000000000000000000e+00
5.000000000000000000e+00,5.000000000000000000e+00
5.000000000000000000e+00,5.000000000000000000e+00
5.000000000000000000e+00,5.000000000000000000e+00
5.000000000000000000e+00,5.000000000000000000e+00
5.000000000000000000e+00,5.000000000000000000e+00
5.000000000000000000e+00,5.000000000000000000e+00
5.000000000000000000e+00,5.000000000000000000e+00
5.000000000000000000e+00,5.000000000000000000e+00
5.000000000000000000e+00,5.000000000000000000e+00
5.000000000000000000e+00,5.000000000000000000e+00
5.000000000000000000e+00,5.000000000000000000e+00
5.000000000000000000e+00,5.000000000000000000e+00
5.000000000000000000e+00,5.000000000000000000e+00
5.000000000000000000e+00,5.000000000000000000e+00
5.000000000000000000e+00,5.000000000000000000e+00
5.000000000000000000e+00,5.000000000000000000e+00
5.000000000000000000e+00,5.000000000000000000e+00
5.000000000000000000e+00,5.000000000000000000e+00
5.000000000000000000e+00,5.000000000000000000e+00
5.000000000000000000e+00,5.000000000000000000e+00
5.000000000000000000e+00,5.000000000000000000e+00
5.000000000000000000e+00,5.000000000000000000e+00
5.000000000000000000e+00,5.000000000000000000e+00
5.000000000000000000e+00,5.000000000000000000e+00
5.000000000000000000e+00,5.000000000000000000e+00
5.000000000000000000e+00,5.000000000000000000e+00
5.000000000000000000e+00,5.000000000000000000e+00
5.000000000000000000e+00,5.000000000000000000e+00
5.000000000000000000e+00,5.000000000000000000e+00
5.000000000000000000e+00,5.000000000000000000e+00
5.000000000000000000e+00,5.000000000000000000e+00
5.000000000000000000e+00,5.000000000000000000e+00
5.000000000000000000e+00,5.000000000000000000e+00
5.000000000000000000e+00,5.000000000000000000e+00
-4.664102049606739797e-01,-2.956979439920876196e+00
-3.846745488056270368e+00,-1.840320720779140995e+00
1.465451080564368347e+00,-4.909907855155272394e+00
-4.964837102225478027e+00,1.252676303741147912e+00
-2.777684943325369638e+00,4.778172378289822220e+00
2.412597434670247232e+00,3.858048851943241431e+00
9.199368989989835654e-01,-1.030673252718958821e-01
-1.300193620507817727e+00,2.591619894344169950e+00
4.644493655693310075e+00,-3.280145343766097454e+00
5.000000000000000000e+00,5.000000000000000000e+00
5.000000000000000000e+00,5.000000000000000000e+00
5.000000000000000000e+00,5.000000000000000000e+00
5.000000000000000000e+00,5.000000000000000000e+00
5.000000000000000000e+00,5.000000000000000000e+00
5.000000000000000000e+00,5.000000000000000000e+00
5.000000000000000000e+00,5.000000000000000000e+00
5.000000000000000000e+00,5.000000000000000000e+00
5.000000000000000000e+00,5.000000000000000000e+00
5.000000000000000000e+00,5.000000000000000000e+00
5.000000000000000000e+00,5.000000000000000000e+00
5.000000000000000000e+00,5.000000000000000000e+00
5.000000000000000000e+00,5.000000000000000000e+00
5.000000000000000000e+00,5.000000000000000000e+00
5.000000000000000000e+00,5.000000000000000000e+00
5.000000000000000000e+00,5.000000000000000000e+00
5.000000000000000000e+00,5.000000000000000000e+00
5.000000000000000000e+00,5.000000000000000000e+00
5.000000000000000000e+00,5.000000000000000000e+00
5.000000000000000000e+00,5.000000000000000000e+00
5.000000000000000000e+00,5.000000000000000000e+00
5.000000000000000000e+00,5.000000000000000000e+00
5.000000000000000000e+00,5.000000000000000000e+00
5.000000000000000000e+00,5.000000000000000000e+00
5.000000000000000000e+00,5.000000000000000000e+00
5.000000000000000000e+00,5.000000000000000000e+00
5.000000000000000000e+00,5.000000000000000000e+00
5.000000000000000000e+00,5.000000000000000000e+00
5.000000000000000000e+00,5.000000000000000000e+00
5.000000000000000000e+00,5.000000000000000000e+00
5.000000000000000000e+00,5.000000000000000000e+00
5.000000000000000000e+00,5.000000000000000000e+00
5.000000000000000000e+00,5.000000000000000000e+00
5.000000000000000000e+00,5.000000000000000000e+00
5.000000000000000000e+00,5.000000000000000000e+00
5.000000000000000000e+00,5.000000000000000000e+00
5.000000000000000000e+00,5.000000000000000000e+00
5.000000000000000000e+00,5.000000000000000000e+00
5.000000000000000000e+00,5.000000000000000000e+00
5.000000000000000000e+00,5.000000000000000000e+00
5.000000000000000000e+00,5.000000000000000000e+00
5.000000000000000000e+00,5.000000000000000000e+00
5.000000000000000000e+00,5.000000000000000000e+00
5.000000000000000000e+00,5.000000000000000000e+00
5.000000000000000000e+00,5.000000000000000000e+00
5.000000000000000000e+00,5.000000000000000000e+00
5.000000000000000000e+00,5.000000000000000000e+00
5.000000000000000000e+00,5.000000000000000000e+00
5.000000000000000000e+00,5.000000000000000000e+00
5.000000000000000000e+00,5.000000000000000000e+00
5.000000000000000000e+00,5.000000000000000000e+00
5.000000000000000000e+00,5.000000000000000000e+00
5.000000000000000000e+00,5.000000000000000000e+00
5.000000000000000000e+00,5.000000000000000000e+00
5.000000000000000000e+00,5.000000000000000000e+00
5.000000000000000000e+00,5.000000000000000000e+00
5.000000000000000000e+00,5.000000000000000000e+00
5.000000000000000000e+00,5.000000000000000000e+00
5.000000000000000000e+00,5.000000000000000000e+00
5.000000000000000000e+00,5.000000000000000000e+00
5.000000000000000000e+00,5.000000000000000000e+00
5.000000000000000000e+00,5.000000000000000000e+00
5.000000000000000000e+00,5.000000000000000000e+00
5.000000000000000000e+00,5.000000000000000000e+00
5.000000000000000000e+00,5.000000000000000000e+00
5.000000000000000000e+00,5.000000000000000000e+00
5.000000000000000000e+00,5.000000000000000000e+00
5.000000000000000000e+00,5.000000000000000000e+00
5.000000000000000000e+00,5.000000000000000000e+00
5.000000000000000000e+00,5.000000000000000000e+00
5.000000000000000000e+00,5.000000000000000000e+00
5.000000000000000000e+00,5.000000000000000000e+00
5.000000000000000000e+00,5.000000000000000000e+00
5.000000000000000000e+00,5.000000000000000000e+00
5.000000000000000000e+00,5.000000000000000000e+00
5.000000000000000000e+00,5.000000000000000000e+00
5.000000000000000000e+00,5.000000000000000000e+00
5.000000000000000000e+00,5.000000000000000000e+00
5.000000000000000000e+00,5.000000000000000000e+00
5.000000000000000000e+00,5.000000000000000000e+00
5.000000000000000000e+00,5.000000000000000000e+00
5.000000000000000000e+00,5.000000000000000000e+00
5.000000000000000000e+00,5.000000000000000000e+00
5.000000000000000000e+00,5.000000000000000000e+00
5.000000000000000000e+00,5.000000000000000000e+00
5.000000000000000000e+00,5.000000000000000000e+00
5.000000000000000000e+00,5.000000000000000000e+00
5.000000000000000000e+00,5.000000000000000000e+00
5.000000000000000000e+00,5.000000000000000000e+00
5.000000000000000000e+00,5.000000000000000000e+00
5.000000000000000000e+00,5.000000000000000000e+00
1.802235644884344623e+00,3.223403035974907738e+00
2.633849556760332611e+00,-4.028297809181054845e+00
-1.631292147439662887e+00,1.832530243348097443e+00
-4.627020919571968705e+00,-2.667268143747862919e+00
5.025339984334467047e-01,-1.665613892488515546e+00
-6.851412895826172189e-01,4.968821535744183393e+00
-2.055540109734062426e+00,-3.225448595590762135e+00
4.959741025955120008e+00,2.857648935162963255e+00
-3.878174690672622216e+00,7.474755675814765965e-01
5.000000000000000000e+00,5.000000000000000000e+00
5.000000000000000000e+00,5.000000000000000000e+00
5.000000000000000000e+00,5.000000000000000000e+00
5.000000000000000000e+00,5.000000000000000000e+00
5.000000000000000000e+00,5.000000000000000000e+00
5.000000000000000000e+00,5.000000000000000000e+00
5.000000000000000000e+00,5.000000000000000000e+00
5.000000000000000000e+00,5.000000000000000000e+00
5.000000000000000000e+00,5.000000000000000000e+00
5.000000000000000000e+00,5.000000000000000000e+00
5.000000000000000000e+00,5.000000000000000000e+00
5.000000000000000000e+00,5.000000000000000000e+00
5.000000000000000000e+00,5.000000000000000000e+00
5.000000000000000000e+00,5.000000000000000000e+00
5.000000000000000000e+00,5.000000000000000000e+00
5.000000000000000000e+00,5.000000000000000000e+00
5.000000000000000000e+00,5.000000000000000000e+00
5.000000000000000000e+00,5.000000000000000000e+00
5.000000000000000000e+00,5.000000000000000000e+00
5.000000000000000000e+00,5.000000000000000000e+00
5.000000000000000000e+00,5.000000000000000000e+00
5.000000000000000000e+00,5.000000000000000000e+00
5.000000000000000000e+00,5.000000000000000000e+00
5.000000000000000000e+00,5.000000000000000000e+00
5.000000000000000000e+00,5.000000000000000000e+00
5.000000000000000000e+00,5.000000000000000000e+00
5.000000000000000000e+00,5.000000000000000000e+00
5.000000000000000000e+00,5.000000000000000000e+00
5.000000000000000000e+00,5.000000000000000000e+00
5.000000000000000000e+00,5.000000000000000000e+00
5.000000000000000000e+00,5.000000000000000000e+00
5.000000000000000000e+00,5.000000000000000000e+00
5.000000000000000000e+00,5.000000000000000000e+00
5.000000000000000000e+00,5.000000000000000000e+00
5.000000000000000000e+00,5.000000000000000000e+00
5.000000000000000000e+00,5.000000000000000000e+00
5.000000000000000000e+00,5.000000000000000000e+00
5.000000000000000000e+00,5.000000000000000000e+00
5.000000000000000000e+00,5.000000000000000000e+00
5.000000000000000000e+00,5.000000000000000000e+00
5.000000000000000000e+00,5.000000000000000000e+00
5.000000000000000000e+00,5.000000000000000000e+00
5.000000000000000000e+00,5.000000000000000000e+00
5.000000000000000000e+00,5.000000000000000000e+00
5.000000000000000000e+00,5.000000000000000000e+00
5.000000000000000000e+00,5.000000000000000000e+00
5.000000000000000000e+00,5.000000000000000000e+00
5.000000000000000000e+00,5.000000000000000000e+00
5.000000000000000000e+00,5.000000000000000000e+00
5.000000000000000000e+00,5.000000000000000000e+00
5.000000000000000000e+00,5.000000000000000000e+00
5.000000000000000000e+00,5.000000000000000000e+00
5.000000000000000000e+00,5.000000000000000000e+00
5.000000000000000000e+00,5.000000000000000000e+00
5.000000000000000000e+00,5.000000000000000000e+00
5.000000000000000000e+00,5.000000000000000000e+00
5.000000000000000000e+00,5.000000000000000000e+00
5.000000000000000000e+00,5.000000000000000000e+00
5.000000000000000000e+00,5.000000000000000000e+00
5.000000000000000000e+00,5.000000000000000000e+00
5.000000000000000000e+00,5.000000000000000000e+00
5.000000000000000000e+00,5.000000000000000000e+00
5.000000000000000000e+00,5.000000000000000000e+00
5.000000000000000000e+00,5.000000000000000000e+00
5.000000000000000000e+00,5.000000000000000000e+00
5.000000000000000000e+00,5.000000000000000000e+00
5.000000000000000000e+00,5.000000000000000000e+00
5.000000000000000000e+00,5.000000000000000000e+00
5.000000000000000000e+00,5.000000000000000000e+00
5.000000000000000000e+00,5.000000000000000000e+00
5.000000000000000000e+00,5.000000000000000000e+00
5.000000000000000000e+00,5.000000000000000000e+00
5.000000000000000000e+00,5.000000000000000000e+00
5.000000000000000000e+00,5.000000000000000000e+00
5.000000000000000000e+00,5.000000000000000000e+00
5.000000000000000000e+00,5.000000000000000000e+00
5.000000000000000000e+00,5.000000000000000000e+00
5.000000000000000000e+00,5.000000000000000000e+00
5.000000000000000000e+00,5.000000000000000000e+00
5.000000000000000000e+00,5.000000000000000000e+00
5.000000000000000000e+00,5.000000000000000000e+00
5.000000000000000000e+00,5.000000000000000000e+00
5.000000000000000000e+00,5.000000000000000000e+00
5.000000000000000000e+00,5.000000000000000000e+00
5.000000000000000000e+00,5.000000000000000000e+00
5.000000000000000000e+00,5.000000000000000000e+00
5.000000000000000000e+00,5.000000000000000000e+00
5.000000000000000000e+00,5.000000000000000000e+00
5.000000000000000000e+00,5.000000000000000000e+00
5.000000000000000000e+00,5.000000000000000000e+00
5.000000000000000000e+00,5.000000000000000000e+00
-8.351300211847574317e-01,9.159663648250484513e-01
8.913718898426727932e-01,-1.028494274487099958e+00
4.991253514628672505e+00,-2.431297109539296120e+00
-4.402773926282677941e+00,2.695118559512584611e+00
-2.528443148979424127e+00,-4.350550490246235746e+00
3.400985482030273843e+00,1.230783892601543528e+00
-1.992830529265706030e+00,4.698456073260340204e+00
1.683557312540874484e+00,3.238297974334528817e+00
2.681888438478566172e+00,-3.629643277633649578e+00
5.000000000000000000e+00,5.000000000000000000e+00
5.000000000000000000e+00,5.000000000000000000e+00
5.000000000000000000e+00,5.000000000000000000e+00
5.000000000000000000e+00,5.000000000000000000e+00
5.000000000000000000e+00,5.000000000000000000e+00
5.000000000000000000e+00,5.000000000000000000e+00
5.000000000000000000e+00,5.000000000000000000e+00
5.000000000000000000e+00,5.000000000000000000e+00
5.000000000000000000e+00,5.000000000000000000e+00
5.000000000000000000e+00,5.000000000000000000e+00
5.000000000000000000e+00,5.000000000000000000e+00
5.000000000000000000e+00,5.000000000000000000e+00
5.000000000000000000e+00,5.000000000000000000e+00
5.000000000000000000e+00,5.000000000000000000e+00
5.000000000000000000e+00,5.000000000000000000e+00
5.000000000000000000e+00,5.000000000000000000e+00
5.000000000000000000e+00,5.000000000000000000e+00
5.000000000000000000e+00,5.000000000000000000e+00
5.000000000000000000e+00,5.000000000000000000e+00
5.000000000000000000e+00,5.000000000000000000e+00
5.000000000000000000e+00,5.000000000000000000e+00
5.000000000000000000e+00,5.000000000000000000e+00
5.000000000000000000e+00,5.000000000000000000e+00
5.000000000000000000e+00,5.000000000000000000e+00
5.000000000000000000e+00,5.000000000000000000e+00
5.000000000000000000e+00,5.000000000000000000e+00
5.000000000000000000e+00,5.000000000000000000e+00
5.000000000000000000e+00,5.000000000000000000e+00
5.000000000000000000e+00,5.000000000000000000e+00
5.000000000000000000e+00,5.000000000000000000e+00
5.000000000000000000e+00,5.000000000000000000e+00
5.000000000000000000e+00,5.000000000000000000e+00
5.000000000000000000e+00,5.000000000000000000e+00
5.000000000000000000e+00,5.000000000000000000e+00
5.000000000000000000e+00,5.000000000000000000e+00
5.000000000000000000e+00,5.000000000000000000e+00
5.000000000000000000e+00,5.000000000000000000e+00
5.000000000000000000e+00,5.000000000000000000e+00
5.000000000000000000e+00,5.000000000000000000e+00
5.000000000000000000e+00,5.000000000000000000e+00
5.000000000000000000e+00,5.000000000000000000e+00
5.000000000000000000e+00,5.000000000000000000e+00
5.000000000000000000e+00,5.000000000000000000e+00
5.000000000000000000e+00,5.000000000000000000e+00
5.000000000000000000e+00,5.000000000000000000e+00
5.000000000000000000e+00,5.000000000000000000e+00
5.000000000000000000e+00,5.000000000000000000e+00
5.000000000000000000e+00,5.000000000000000000e+00
5.000000000000000000e+00,5.000000000000000000e+00
5.000000000000000000e+00,5.000000000000000000e+00
5.000000000000000000e+00,5.000000000000000000e+00
5.000000000000000000e+00,5.000000000000000000e+00
5.000000000000000000e+00,5.000000000000000000e+00
5.000000000000000000e+00,5.000000000000000000e+00
5.000000000000000000e+00,5.000000000000000000e+00
5.000000000000000000e+00,5.000000000000000000e+00
5.000000000000000000e+00,5.000000000000000000e+00
5.000000000000000000e+00,5.000000000000000000e+00
5.000000000000000000e+00,5.000000000000000000e+00
5.000000000000000000e+00,5.000000000000000000e+00
5.000000000000000000e+00,5.000000000000000000e+00
5.000000000000000000e+00,5.000000000000000000e+00
5.000000000000000000e+00,5.000000000000000000e+00
5.000000000000000000e+00,5.000000000000000000e+00
5.000000000000000000e+00,5.000000000000000000e+00
5.000000000000000000e+00,5.000000000000000000e+00
5.000000000000000000e+00,5.000000000000000000e+00
5.000000000000000000e+00,5.000000000000000000e+00
5.000000000000000000e+00,5.000000000000000000e+00
5.000000000000000000e+00,5.000000000000000000e+00
5.000000000000000000e+00,5.000000000000000000e+00
5.000000000000000000e+00,5.000000000000000000e+00
5.000000000000000000e+00,5.000000000000000000e+00
5.000000000000000000e+00,5.000000000000000000e+00
5.000000000000000000e+00,5.000000000000000000e+00
5.000000000000000000e+00,5.000000000000000000e+00
5.000000000000000000e+00,5.000000000000000000e+00
5.000000000000000000e+00,5.000000000000000000e+00
5.000000000000000000e+00,5.000000000000000000e+00
5.000000000000000000e+00,5.000000000000000000e+00
5.000000000000000000e+00,5.000000000000000000e+00
5.000000000000000000e+00,5.000000000000000000e+00
5.000000000000000000e+00,5.000000000000000000e+00
5.000000000000000000e+00,5.000000000000000000e+00
5.000000000000000000e+00,5.000000000000000000e+00
5.000000000000000000e+00,5.000000000000000000e+00
5.000000000000000000e+00,5.000000000000000000e+00
5.000000000000000000e+00,5.000000000000000000e+00
5.000000000000000000e+00,5.000000000000000000e+00
5.000000000000000000e+00,5.000000000000000000e+00
5.000000000000000000e+00,5.000000000000000000e+00
3.623705355121002114e+00,-4.879154335121245190e+00
-1.263712455849930194e-01,2.854858059445053442e-01
1.081734204809247757e+00,2.931770817631548454e+00
-1.988516769636305970e+00,3.882686517906117629e+00
-2.510964814606693629e+00,-1.592277906513178465e+00
2.209050546430745499e+00,-6.280784255682299033e-01
6.545175723465845863e-01,-2.712274589557714943e+00
4.504492997721158076e+00,4.878912252242745495e+00
-4.131832613198663573e+00,-3.584726768757450888e+00
5.000000000000000000e+00,5.000000000000000000e+00
5.000000000000000000e+00,5.000000000000000000e+00
5.000000000000000000e+00,5.000000000000000000e+00
5.000000000000000000e+00,5.000000000000000000e+00
5.000000000000000000e+00,5.000000000000000000e+00
5.000000000000000000e+00,5.000000000000000000e+00
5.000000000000000000e+00,5.000000000000000000e+00
5.000000000000000000e+00,5.000000000000000000e+00
5.000000000000000000e+00,5.000000000000000000e+00
5.000000000000000000e+00,5.000000000000000000e+00
5.000000000000000000e+00,5.000000000000000000e+00
5.000000000000000000e+00,5.000000000000000000e+00
5.000000000000000000e+00,5.000000000000000000e+00
5.000000000000000000e+00,5.000000000000000000e+00
5.000000000000000000e+00,5.000000000000000000e+00
5.000000000000000000e+00,5.000000000000000000e+00
5.000000000000000000e+00,5.000000000000000000e+00
5.000000000000000000e+00,5.000000000000000000e+00
5.000000000000000000e+00,5.000000000000000000e+00
5.000000000000000000e+00,5.000000000000000000e+00
5.000000000000000000e+00,5.000000000000000000e+00
5.000000000000000000e+00,5.000000000000000000e+00
5.000000000000000000e+00,5.000000000000000000e+00
5.000000000000000000e+00,5.000000000000000000e+00
5.000000000000000000e+00,5.000000000000000000e+00
5.000000000000000000e+00,5.000000000000000000e+00
5.000000000000000000e+00,5.000000000000000000e+00
5.000000000000000000e+00,5.000000000000000000e+00
5.000000000000000000e+00,5.000000000000000000e+00
5.000000000000000000e+00,5.000000000000000000e+00
5.000000000000000000e+00,5.000000000000000000e+00
5.000000000000000000e+00,5.000000000000000000e+00
5.000000000000000000e+00,5.000000000000000000e+00
5.000000000000000000e+00,5.000000000000000000e+00
5.000000000000000000e+00,5.000000000000000000e+00
5.000000000000000000e+00,5.000000000000000000e+00
5.000000000000000000e+00,5.000000000000000000e+00
5.000000000000000000e+00,5.000000000000000000e+00
5.000000000000000000e+00,5.000000000000000000e+00
5.000000000000000000e+00,5.000000000000000000e+00
5.000000000000000000e+00,5.000000000000000000e+00
5.000000000000000000e+00,5.000000000000000000e+00
5.000000000000000000e+00,5.000000000000000000e+00
5.000000000000000000e+00,5.000000000000000000e+00
5.000000000000000000e+00,5.000000000000000000e+00
5.000000000000000000e+00,5.000000000000000000e+00
5.000000000000000000e+00,5.000000000000000000e+00
5.000000000000000000e+00,5.000000000000000000e+00
5.000000000000000000e+00,5.000000000000000000e+00
5.000000000000000000e+00,5.000000000000000000e+00
5.000000000000000000e+00,5.000000000000000000e+00
5.000000000000000000e+00,5.000000000000000000e+00
5.000000000000000000e+00,5.000000000000000000e+00
5.000000000000000000e+00,5.000000000000000000e+00
5.000000000000000000e+00,5.000000000000000000e+00
5.000000000000000000e+00,5.000000000000000000e+00
5.000000000000000000e+00,5.000000000000000000e+00
5.000000000000000000e+00,5.000000000000000000e+00
5.000000000000000000e+00,5.000000000000000000e+00
5.000000000000000000e+00,5.000000000000000000e+00
5.000000000000000000e+00,5.000000000000000000e+00
5.000000000000000000e+00,5.000000000000000000e+00
5.000000000000000000e+00,5.000000000000000000e+00
5.000000000000000000e+00,5.000000000000000000e+00
5.000000000000000000e+00,5.000000000000000000e+00
5.000000000000000000e+00,5.000000000000000000e+00
5.000000000000000000e+00,5.000000000000000000e+00
5.000000000000000000e+00,5.000000000000000000e+00
5.000000000000000000e+00,5.000000000000000000e+00
5.000000000000000000e+00,5.000000000000000000e+00
5.000000000000000000e+00,5.000000000000000000e+00
5.000000000000000000e+00,5.000000000000000000e+00
5.000000000000000000e+00,5.000000000000000000e+00
5.000000000000000000e+00,5.000000000000000000e+00
5.000000000000000000e+00,5.000000000000000000e+00
5.000000000000000000e+00,5.000000000000000000e+00
5.000000000000000000e+00,5.000000000000000000e+00
5.000000000000000000e+00,5.000000000000000000e+00
5.000000000000000000e+00,5.000000000000000000e+00
5.000000000000000000e+00,5.000000000000000000e+00
5.000000000000000000e+00,5.000000000000000000e+00
5.000000000000000000e+00,5.000000000000000000e+00
5.000000000000000000e+00,5.000000000000000000e+00
5.000000000000000000e+00,5.000000000000000000e+00
5.000000000000000000e+00,5.000000000000000000e+00
5.000000000000000000e+00,5.000000000000000000e+00
5.000000000000000000e+00,5.000000000000000000e+00
5.000000000000000000e+00,5.000000000000000000e+00
5.000000000000000000e+00,5.000000000000000000e+00
5.000000000000000000e+00,5.000000000000000000e+00
5.000000000000000000e+00,5.000000000000000000e+00
-3.942382089518443600e+00,7.980738993861971053e-01
7.107802731209087455e-01,4.213279943054303089e+00
-4.619949982964001833e+00,-2.255197697882725283e+00
2.228738244099586652e+00,1.335580731943189825e+00
3.542073714291916531e+00,-4.345877793236370579e+00
-6.821088040563525468e-01,-3.516335942880860266e+00
4.389282156905272458e+00,2.370492914098392134e+00
-2.391642135561515392e+00,3.763067654752823898e+00
1.412530920489974307e+00,-1.999729957729006635e+00
5.000000000000000000e+00,5.000000000000000000e+00
5.000000000000000000e+00,5.000000000000000000e+00
5.000000000000000000e+00,5.000000000000000000e+00
5.000000000000000000e+00,5.000000000000000000e+00
5.000000000000000000e+00,5.000000000000000000e+00
5.000000000000000000e+00,5.000000000000000000e+00
5.000000000000000000e+00,5.000000000000000000e+00
5.000000000000000000e+00,5.000000000000000000e+00
5.000000000000000000e+00,5.000000000000000000e+00
5.000000000000000000e+00,5.000000000000000000e+00
5.000000000000000000e+00,5.000000000000000000e+00
5.000000000000000000e+00,5.000000000000000000e+00
5.000000000000000000e+00,5.000000000000000000e+00
5.000000000000000000e+00,5.000000000000000000e+00
5.000000000000000000e+00,5.000000000000000000e+00
5.000000000000000000e+00,5.000000000000000000e+00
5.000000000000000000e+00,5.000000000000000000e+00
5.000000000000000000e+00,5.000000000000000000e+00
5.000000000000000000e+00,5.000000000000000000e+00
5.000000000000000000e+00,5.000000000000000000e+00
5.000000000000000000e+00,5.000000000000000000e+00
5.000000000000000000e+00,5.000000000000000000e+00
5.000000000000000000e+00,5.000000000000000000e+00
5.000000000000000000e+00,5.000000000000000000e+00
5.000000000000000000e+00,5.000000000000000000e+00
5.000000000000000000e+00,5.000000000000000000e+00
5.000000000000000000e+00,5.000000000000000000e+00
5.000000000000000000e+00,5.000000000000000000e+00
5.000000000000000000e+00,5.000000000000000000e+00
5.000000000000000000e+00,5.000000000000000000e+00
5.000000000000000000e+00,5.000000000000000000e+00
5.000000000000000000e+00,5.000000000000000000e+00
5.000000000000000000e+00,5.000000000000000000e+00
5.000000000000000000e+00,5.000000000000000000e+00
5.000000000000000000e+00,5.000000000000000000e+00
5.000000000000000000e+00,5.000000000000000000e+00
5.000000000000000000e+00,5.000000000000000000e+00
5.000000000000000000e+00,5.000000000000000000e+00
5.000000000000000000e+00,5.000000000000000000e+00
5.000000000000000000e+00,5.000000000000000000e+00
5.000000000000000000e+00,5.000000000000000000e+00
5.000000000000000000e+00,5.000000000000000000e+00
5.000000000000000000e+00,5.000000000000000000e+00
5.000000000000000000e+00,5.000000000000000000e+00
5.000000000000000000e+00,5.000000000000000000e+00
5.000000000000000000e+00,5.000000000000000000e+00
5.000000000000000000e+00,5.000000000000000000e+00
5.000000000000000000e+00,5.000000000000000000e+00
5.000000000000000000e+00,5.000000000000000000e+00
5.000000000000000000e+00,5.000000000000000000e+00
5.000000000000000000e+00,5.000000000000000000e+00
5.000000000000000000e+00,5.000000000000000000e+00
5.000000000000000000e+00,5.000000000000000000e+00
5.000000000000000000e+00,5.000000000000000000e+00
5.000000000000000000e+00,5.000000000000000000e+00
5.000000000000000000e+00,5.000000000000000000e+00
5.000000000000000000e+00,5.000000000000000000e+00
5.000000000000000000e+00,5.000000000000000000e+00
5.000000000000000000e+00,5.000000000000000000e+00
5.000000000000000000e+00,5.000000000000000000e+00
5.000000000000000000e+00,5.000000000000000000e+00
5.000000000000000000e+00,5.000000000000000000e+00
5.000000000000000000e+00,5.000000000000000000e+00
5.000000000000000000e+00,5.000000000000000000e+00
5.000000000000000000e+00,5.000000000000000000e+00
5.000000000000000000e+00,5.000000000000000000e+00
5.000000000000000000e+00,5.000000000000000000e+00
5.000000000000000000e+00,5.000000000000000000e+00
5.000000000000000000e+00,5.000000000000000000e+00
5.000000000000000000e+00,5.000000000000000000e+00
5.000000000000000000e+00,5.000000000000000000e+00
5.000000000000000000e+00,5.000000000000000000e+00
5.000000000000000000e+00,5.000000000000000000e+00
5.000000000000000000e+00,5.000000000000000000e+00
5.000000000000000000e+00,5.000000000000000000e+00
5.000000000000000000e+00,5.000000000000000000e+00
5.000000000000000000e+00,5.000000000000000000e+00
5.000000000000000000e+00,5.000000000000000000e+00
5.000000000000000000e+00,5.000000000000000000e+00
5.000000000000000000e+00,5.000000000000000000e+00
5.000000000000000000e+00,5.000000000000000000e+00
5.000000000000000000e+00,5.000000000000000000e+00
5.000000000000000000e+00,5.000000000000000000e+00
5.000000000000000000e+00,5.000000000000000000e+00
5.000000000000000000e+00,5.000000000000000000e+00
5.000000000000000000e+00,5.000000000000000000e+00
5.000000000000000000e+00,5.000000000000000000e+00
5.000000000000000000e+00,5.000000000000000000e+00
5.000000000000000000e+00,5.000000000000000000e+00
5.000000000000000000e+00,5.000000000000000000e+00
5.000000000000000000e+00,5.000000000000000000e+00
-2.656004505604613986e+00,1.377725207257991968e+00
4.193294086091762907e+00,-8.970842299510310980e-01
-4.106652558652988283e+00,-1.108811851750493016e+00
7.836430178679325564e-01,-4.973710728072791909e+00
3.548327785460587691e+00,-3.834549612129563911e+00
1.338303222424964467e+00,5.831039683112315686e-01
-4.503620080424459715e-01,3.800900502285857741e+00
-3.807190685582200640e+00,4.728563474974606606e+00
2.550675489419178987e+00,2.968466279228274551e+00
5.000000000000000000e+00,5.000000000000000000e+00
5.000000000000000000e+00,5.000000000000000000e+00
5.000000000000000000e+00,5.000000000000000000e+00
5.000000000000000000e+00,5.000000000000000000e+00
5.000000000000000000e+00,5.000000000000000000e+00
5.000000000000000000e+00,5.000000000000000000e+00
5.000000000000000000e+00,5.000000000000000000e+00
5.000000000000000000e+00,5.000000000000000000e+00
5.000000000000000000e+00,5.000000000000000000e+00
5.000000000000000000e+00,5.000000000000000000e+00
5.000000000000000000e+00,5.000000000000000000e+00
5.000000000000000000e+00,5.000000000000000000e+00
5.000000000000000000e+00,5.000000000000000000e+00
5.000000000000000000e+00,5.000000000000000000e+00
5.000000000000000000e+00,5.000000000000000000e+00
5.000000000000000000e+00,5.000000000000000000e+00
5.000000000000000000e+00,5.000000000000000000e+00
5.000000000000000000e+00,5.000000000000000000e+00
5.000000000000000000e+00,5.000000000000000000e+00
5.000000000000000000e+00,5.000000000000000000e+00
5.000000000000000000e+00,5.000000000000000000e+00
5.000000000000000000e+00,5.000000000000000000e+00
5.000000000000000000e+00,5.000000000000000000e+00
5.000000000000000000e+00,5.000000000000000000e+00
5.000000000000000000e+00,5.000000000000000000e+00
5.000000000000000000e+00,5.000000000000000000e+00
5.000000000000000000e+00,5.000000000000000000e+00
5.000000000000000000e+00,5.000000000000000000e+00
5.000000000000000000e+00,5.000000000000000000e+00
5.000000000000000000e+00,5.000000000000000000e+00
5.000000000000000000e+00,5.000000000000000000e+00
5.000000000000000000e+00,5.000000000000000000e+00
5.000000000000000000e+00,5.000000000000000000e+00
5.000000000000000000e+00,5.000000000000000000e+00
5.000000000000000000e+00,5.000000000000000000e+00
5.000000000000000000e+00,5.000000000000000000e+00
5.000000000000000000e+00,5.000000000000000000e+00
5.000000000000000000e+00,5.000000000000000000e+00
5.000000000000000000e+00,5.000000000000000000e+00
5.000000000000000000e+00,5.000000000000000000e+00
5.000000000000000000e+00,5.000000000000000000e+00
5.000000000000000000e+00,5.000000000000000000e+00
5.000000000000000000e+00,5.000000000000000000e+00
5.000000000000000000e+00,5.000000000000000000e+00
5.000000000000000000e+00,5.000000000000000000e+00
5.000000000000000000e+00,5.000000000000000000e+00
5.000000000000000000e+00,5.000000000000000000e+00
5.000000000000000000e+00,5.000000000000000000e+00
5.000000000000000000e+00,5.000000000000000000e+00
5.000000000000000000e+00,5.000000000000000000e+00
5.000000000000000000e+00,5.000000000000000000e+00
5.000000000000000000e+00,5.000000000000000000e+00
5.000000000000000000e+00,5.000000000000000000e+00
5.000000000000000000e+00,5.000000000000000000e+00
5.000000000000000000e+00,5.000000000000000000e+00
5.000000000000000000e+00,5.000000000000000000e+00
5.000000000000000000e+00,5.000000000000000000e+00
5.000000000000000000e+00,5.000000000000000000e+00
5.000000000000000000e+00,5.000000000000000000e+00
5.000000000000000000e+00,5.000000000000000000e+00
5.000000000000000000e+00,5.000000000000000000e+00
5.000000000000000000e+00,5.000000000000000000e+00
5.000000000000000000e+00,5.000000000000000000e+00
5.000000000000000000e+00,5.000000000000000000e+00
5.000000000000000000e+00,5.000000000000000000e+00
5.000000000000000000e+00,5.000000000000000000e+00
5.000000000000000000e+00,5.000000000000000000e+00
5.000000000000000000e+00,5.000000000000000000e+00
5.000000000000000000e+00,5.000000000000000000e+00
5.000000000000000000e+00,5.000000000000000000e+00
5.000000000000000000e+00,5.000000000000000000e+00
5.000000000000000000e+00,5.000000000000000000e+00
5.000000000000000000e+00,5.000000000000000000e+00
5.000000000000000000e+00,5.000000000000000000e+00
5.000000000000000000e+00,5.000000000000000000e+00
5.000000000000000000e+00,5.000000000000000000e+00
5.000000000000000000e+00,5.000000000000000000e+00
5.000000000000000000e+00,5.000000000000000000e+00
5.000000000000000000e+00,5.000000000000000000e+00
5.000000000000000000e+00,5.000000000000000000e+00
5.000000000000000000e+00,5.000000000000000000e+00
5.000000000000000000e+00,5.000000000000000000e+00
5.000000000000000000e+00,5.000000000000000000e+00
5.000000000000000000e+00,5.000000000000000000e+00
5.000000000000000000e+00,5.000000000000000000e+00
5.000000000000000000e+00,5.000000000000000000e+00
5.000000000000000000e+00,5.000000000000000000e+00
5.000000000000000000e+00,5.000000000000000000e+00
5.000000000000000000e+00,5.000000000000000000e+00
5.000000000000000000e+00,5.000000000000000000e+00
5.000000000000000000e+00,5.000000000000000000e+00
-4.654287363761052454e+00,-4.694025659677155460e+00
2.053060573954096135e+00,4.444387889642397838e+00
-1.857701253529185248e+00,-2.367114563012693740e+00
-6.011397285562765092e-01,2.473978743558115312e+00
3.189776585132310771e+00,1.705606964141532345e+00
1.841761889284145859e+00,-3.137118206592798053e+00
4.197351387480757978e+00,-6.434697719054831566e-01
-2.532796802053441265e+00,6.833427709001806960e-01
5.062588503708376209e-01,-1.070930202461056524e+00
5.000000000000000000e+00,5.000000000000000000e+00
5.000000000000000000e+00,5.000000000000000000e+00
5.000000000000000000e+00,5.000000000000000000e+00
5.000000000000000000e+00,5.000000000000000000e+00
5.000000000000000000e+00,5.000000000000000000e+00
5.000000000000000000e+00,5.000000000000000000e+00
5.000000000000000000e+00,5.000000000000000000e+00
5.000000000000000000e+00,5.000000000000000000e+00
5.000000000000000000e+00,5.000000000000000000e+00
5.000000000000000000e+00,5.000000000000000000e+00
5.000000000000000000e+00,5.000000000000000000e+00
5.000000000000000000e+00,5.000000000000000000e+00
5.000000000000000000e+00,5.000000000000000000e+00
5.000000000000000000e+00,5.000000000000000000e+00
5.000000000000000000e+00,5.000000000000000000e+00
5.000000000000000000e+00,5.000000000000000000e+00
5.000000000000000000e+00,5.000000000000000000e+00
5.000000000000000000e+00,5.000000000000000000e+00
5.000000000000000000e+00,5.000000000000000000e+00
5.000000000000000000e+00,5.000000000000000000e+00
5.000000000000000000e+00,5.000000000000000000e+00
5.000000000000000000e+00,5.000000000000000000e+00
5.000000000000000000e+00,5.000000000000000000e+00
5.000000000000000000e+00,5.000000000000000000e+00
5.000000000000000000e+00,5.000000000000000000e+00
5.000000000000000000e+00,5.000000000000000000e+00
5.000000000000000000e+00,5.000000000000000000e+00
5.000000000000000000e+00,5.000000000000000000e+00
5.000000000000000000e+00,5.000000000000000000e+00
5.000000000000000000e+00,5.000000000000000000e+00
5.000000000000000000e+00,5.000000000000000000e+00
5.000000000000000000e+00,5.000000000000000000e+00
5.000000000000000000e+00,5.000000000000000000e+00
5.000000000000000000e+00,5.000000000000000000e+00
5.000000000000000000e+00,5.000000000000000000e+00
5.000000000000000000e+00,5.000000000000000000e+00
5.000000000000000000e+00,5.000000000000000000e+00
5.000000000000000000e+00,5.000000000000000000e+00
5.000000000000000000e+00,5.000000000000000000e+00
5.000000000000000000e+00,5.000000000000000000e+00
5.000000000000000000e+00,5.000000000000000000e+00
5.000000000000000000e+00,5.000000000000000000e+00
5.000000000000000000e+00,5.000000000000000000e+00
5.000000000000000000e+00,5.000000000000000000e+00
5.000000000000000000e+00,5.000000000000000000e+00
5.000000000000000000e+00,5.000000000000000000e+00
5.000000000000000000e+00,5.000000000000000000e+00
5.000000000000000000e+00,5.000000000000000000e+00
5.000000000000000000e+00,5.000000000000000000e+00
5.000000000000000000e+00,5.000000000000000000e+00
5.000000000000000000e+00,5.000000000000000000e+00
5.000000000000000000e+00,5.000000000000000000e+00
5.000000000000000000e+00,5.000000000000000000e+00
5.000000000000000000e+00,5.000000000000000000e+00
5.000000000000000000e+00,5.000000000000000000e+00
5.000000000000000000e+00,5.000000000000000000e+00
5.000000000000000000e+00,5.000000000000000000e+00
5.000000000000000000e+00,5.000000000000000000e+00
5.000000000000000000e+00,5.000000000000000000e+00
5.000000000000000000e+00,5.000000000000000000e+00
5.000000000000000000e+00,5.000000000000000000e+00
5.000000000000000000e+00,5.000000000000000000e+00
5.000000000000000000e+00,5.000000000000000000e+00
5.000000000000000000e+00,5.000000000000000000e+00
5.000000000000000000e+00,5.000000000000000000e+00
5.000000000000000000e+00,5.000000000000000000e+00
5.000000000000000000e+00,5.000000000000000000e+00
5.000000000000000000e+00,5.000000000000000000e+00
5.000000000000000000e+00,5.000000000000000000e+00
5.000000000000000000e+00,5.000000000000000000e+00
5.000000000000000000e+00,5.000000000000000000e+00
5.000000000000000000e+00,5.000000000000000000e+00
5.000000000000000000e+00,5.000000000000000000e+00
5.000000000000000000e+00,5.000000000000000000e+00
5.000000000000000000e+00,5.000000000000000000e+00
5.000000000000000000e+00,5.000000000000000000e+00
5.000000000000000000e+00,5.000000000000000000e+00
5.000000000000000000e+00,5.000000000000000000e+00
5.000000000000000000e+00,5.000000000000000000e+00
5.000000000000000000e+00,5.000000000000000000e+00
5.000000000000000000e+00,5.000000000000000000e+00
5.000000000000000000e+00,5.000000000000000000e+00
5.000000000000000000e+00,5.000000000000000000e+00
5.000000000000000000e+00,5.000000000000000000e+00
5.000000000000000000e+00,5.000000000000000000e+00
5.000000000000000000e+00,5.000000000000000000e+00
5.000000000000000000e+00,5.000000000000000000e+00
5.000000000000000000e+00,5.000000000000000000e+00
5.000000000000000000e+00,5.000000000000000000e+00
5.000000000000000000e+00,5.000000000000000000e+00
5.000000000000000000e+00,5.000000000000000000e+00
4.344016316379827103e+00,-1.456525785585395916e+00
2.249915376167304082e+00,1.003026446064891886e-01
3.786224977341362319e+00,2.675110279718836637e+00
-1.252432931412034378e+00,3.615490828560082193e+00
-4.433538330344046763e+00,1.521794359577209654e+00
1.236137911310501103e+00,-2.578619936595691886e+00
-2.894888616603635612e+00,-3.066380302815256087e+00
-6.397522147955685412e-01,-5.890194870925675730e-01
-3.869860353077101855e+00,4.052872527759445731e+00
5.000000000000000000e+00,5.000000000000000000e+00
5.000000000000000000e+00,5.000000000000000000e+00
5.000000000000000000e+00,5.000000000000000000e+00
5.000000000000000000e+00,5.000000000000000000e+00
5.000000000000000000e+00,5.000000000000000000e+00
5.000000000000000000e+00,5.000000000000000000e+00
5.000000000000000000e+00,5.000000000000000000e+00
5.000000000000000000e+00,5.000000000000000000e+00
5.000000000000000000e+00,5.000000000000000000e+00
5.000000000000000000e+00,5.000000000000000000e+00
5.000000000000000000e+00,5.000000000000000000e+00
5.000000000000000000e+00,5.000000000000000000e+00
5.000000000000000000e+00,5.000000000000000000e+00
5.000000000000000000e+00,5.000000000000000000e+00
5.000000000000000000e+00,5.000000000000000000e+00
5.000000000000000000e+00,5.000000000000000000e+00
5.000000000000000000e+00,5.000000000000000000e+00
5.000000000000000000e+00,5.000000000000000000e+00
5.000000000000000000e+00,5.000000000000000000e+00
5.000000000000000000e+00,5.000000000000000000e+00
5.000000000000000000e+00,5.000000000000000000e+00
5.000000000000000000e+00,5.000000000000000000e+00
5.000000000000000000e+00,5.000000000000000000e+00
5.000000000000000000e+00,5.000000000000000000e+00
5.000000000000000000e+00,5.000000000000000000e+00
5.000000000000000000e+00,5.000000000000000000e+00
5.000000000000000000e+00,5.000000000000000000e+00
5.000000000000000000e+00,5.000000000000000000e+00
5.000000000000000000e+00,5.000000000000000000e+00
5.000000000000000000e+00,5.000000000000000000e+00
5.000000000000000000e+00,5.000000000000000000e+00
5.000000000000000000e+00,5.000000000000000000e+00
5.000000000000000000e+00,5.000000000000000000e+00
5.000000000000000000e+00,5.000000000000000000e+00
5.000000000000000000e+00,5.000000000000000000e+00
5.000000000000000000e+00,5.000000000000000000e+00
5.000000000000000000e+00,5.000000000000000000e+00
5.000000000000000000e+00,5.000000000000000000e+00
5.000000000000000000e+00,5.000000000000000000e+00
5.000000000000000000e+00,5.000000000000000000e+00
5.000000000000000000e+00,5.000000000000000000e+00
5.000000000000000000e+00,5.000000000000000000e+00
5.000000000000000000e+00,5.000000000000000000e+00
5.000000000000000000e+00,5.000000000000000000e+00
5.000000000000000000e+00,5.000000000000000000e+00
5.000000000000000000e+00,5.000000000000000000e+00
5.000000000000000000e+00,5.000000000000000000e+00
5.000000000000000000e+00,5.000000000000000000e+00
5.000000000000000000e+00,5.000000000000000000e+00
5.000000000000000000e+00,5.000000000000000000e+00
5.000000000000000000e+00,5.000000000000000000e+00
5.000000000000000000e+00,5.000000000000000000e+00
5.000000000000000000e+00,5.000000000000000000e+00
5.000000000000000000e+00,5.000000000000000000e+00
5.000000000000000000e+00,5.000000000000000000e+00
5.000000000000000000e+00,5.000000000000000000e+00
5.000000000000000000e+00,5.000000000000000000e+00
5.000000000000000000e+00,5.000000000000000000e+00
5.000000000000000000e+00,5.000000000000000000e+00
5.000000000000000000e+00,5.000000000000000000e+00
5.000000000000000000e+00,5.000000000000000000e+00
5.000000000000000000e+00,5.000000000000000000e+00
5.000000000000000000e+00,5.000000000000000000e+00
5.000000000000000000e+00,5.000000000000000000e+00
5.000000000000000000e+00,5.000000000000000000e+00
5.000000000000000000e+00,5.000000000000000000e+00
5.000000000000000000e+00,5.000000000000000000e+00
5.000000000000000000e+00,5.000000000000000000e+00
5.000000000000000000e+00,5.000000000000000000e+00
5.000000000000000000e+00,5.000000000000000000e+00
5.000000000000000000e+00,5.000000000000000000e+00
5.000000000000000000e+00,5.000000000000000000e+00
5.000000000000000000e+00,5.000000000000000000e+00
5.000000000000000000e+00,5.000000000000000000e+00
5.000000000000000000e+00,5.000000000000000000e+00
5.000000000000000000e+00,5.000000000000000000e+00
5.000000000000000000e+00,5.000000000000000000e+00
5.000000000000000000e+00,5.000000000000000000e+00
5.000000000000000000e+00,5.000000000000000000e+00
5.000000000000000000e+00,5.000000000000000000e+00
5.000000000000000000e+00,5.000000000000000000e+00
5.000000000000000000e+00,5.000000000000000000e+00
5.000000000000000000e+00,5.000000000000000000e+00
5.000000000000000000e+00,5.000000000000000000e+00
5.000000000000000000e+00,5.000000000000000000e+00
5.000000000000000000e+00,5.000000000000000000e+00
5.000000000000000000e+00,5.000000000000000000e+00
5.000000000000000000e+00,5.000000000000000000e+00
5.000000000000000000e+00,5.000000000000000000e+00
5.000000000000000000e+00,5.000000000000000000e+00
5.000000000000000000e+00,5.000000000000000000e+00
-2.077092948567134112e+00,1.313100995404234972e+00
2.821467365980682374e+00,3.804531099240131553e+00
3.006707879241158565e+00,-2.245321039164190235e+00
4.869561096861632521e+00,-1.482947283637328084e-01
1.145951102817155842e+00,3.937087547227324791e-02
-1.539180420098398283e+00,4.960009596285619438e+00
-3.452838580543451830e+00,-1.350049535516792965e+00
2.730796115447917671e-01,2.730930404862757399e+00
-4.746055940374766635e+00,-4.567238669182316357e+00
5.000000000000000000e+00,5.000000000000000000e+00
5.000000000000000000e+00,5.000000000000000000e+00
5.000000000000000000e+00,5.000000000000000000e+00
5.000000000000000000e+00,5.000000000000000000e+00
5.000000000000000000e+00,5.000000000000000000e+00
5.000000000000000000e+00,5.000000000000000000e+00
5.000000000000000000e+00,5.000000000000000000e+00
5.000000000000000000e+00,5.000000000000000000e+00
5.000000000000000000e+00,5.000000000000000000e+00
5.000000000000000000e+00,5.000000000000000000e+00
5.000000000000000000e+00,5.000000000000000000e+00
5.000000000000000000e+00,5.000000000000000000e+00
5.000000000000000000e+00,5.000000000000000000e+00
5.000000000000000000e+00,5.000000000000000000e+00
5.000000000000000000e+00,5.000000000000000000e+00
5.000000000000000000e+00,5.000000000000000000e+00
5.000000000000000000e+00,5.000000000000000000e+00
5.000000000000000000e+00,5.000000000000000000e+00
5.000000000000000000e+00,5.000000000000000000e+00
5.000000000000000000e+00,5.000000000000000000e+00
5.000000000000000000e+00,5.000000000000000000e+00
5.000000000000000000e+00,5.000000000000000000e+00
5.000000000000000000e+00,5.000000000000000000e+00
5.000000000000000000e+00,5.000000000000000000e+00
5.000000000000000000e+00,5.000000000000000000e+00
5.000000000000000000e+00,5.000000000000000000e+00
5.000000000000000000e+00,5.000000000000000000e+00
5.000000000000000000e+00,5.000000000000000000e+00
5.000000000000000000e+00,5.000000000000000000e+00
5.000000000000000000e+00,5.000000000000000000e+00
5.000000000000000000e+00,5.000000000000000000e+00
5.000000000000000000e+00,5.000000000000000000e+00
5.000000000000000000e+00,5.000000000000000000e+00
5.000000000000000000e+00,5.000000000000000000e+00
5.000000000000000000e+00,5.000000000000000000e+00
5.000000000000000000e+00,5.000000000000000000e+00
5.000000000000000000e+00,5.000000000000000000e+00
5.000000000000000000e+00,5.000000000000000000e+00
5.000000000000000000e+00,5.000000000000000000e+00
5.000000000000000000e+00,5.000000000000000000e+00
5.000000000000000000e+00,5.000000000000000000e+00
5.000000000000000000e+00,5.000000000000000000e+00
5.000000000000000000e+00,5.000000000000000000e+00
5.000000000000000000e+00,5.000000000000000000e+00
5.000000000000000000e+00,5.000000000000000000e+00
5.000000000000000000e+00,5.000000000000000000e+00
5.000000000000000000e+00,5.000000000000000000e+00
5.000000000000000000e+00,5.000000000000000000e+00
5.000000000000000000e+00,5.000000000000000000e+00
5.000000000000000000e+00,5.000000000000000000e+00
5.000000000000000000e+00,5.000000000000000000e+00
5.000000000000000000e+00,5.000000000000000000e+00
5.000000000000000000e+00,5.000000000000000000e+00
5.000000000000000000e+00,5.000000000000000000e+00
5.000000000000000000e+00,5.000000000000000000e+00
5.000000000000000000e+00,5.000000000000000000e+00
5.000000000000000000e+00,5.000000000000000000e+00
5.000000000000000000e+00,5.000000000000000000e+00
5.000000000000000000e+00,5.000000000000000000e+00
5.000000000000000000e+00,5.000000000000000000e+00
5.000000000000000000e+00,5.000000000000000000e+00
5.000000000000000000e+00,5.000000000000000000e+00
5.000000000000000000e+00,5.000000000000000000e+00
5.000000000000000000e+00,5.000000000000000000e+00
5.000000000000000000e+00,5.000000000000000000e+00
5.000000000000000000e+00,5.000000000000000000e+00
5.000000000000000000e+00,5.000000000000000000e+00
5.000000000000000000e+00,5.000000000000000000e+00
5.000000000000000000e+00,5.000000000000000000e+00
5.000000000000000000e+00,5.000000000000000000e+00
5.000000000000000000e+00,5.000000000000000000e+00
5.000000000000000000e+00,5.000000000000000000e+00
5.000000000000000000e+00,5.000000000000000000e+00
5.000000000000000000e+00,5.000000000000000000e+00
5.000000000000000000e+00,5.000000000000000000e+00
5.000000000000000000e+00,5.000000000000000000e+00
5.000000000000000000e+00,5.000000000000000000e+00
5.000000000000000000e+00,5.000000000000000000e+00
5.000000000000000000e+00,5.000000000000000000e+00
5.000000000000000000e+00,5.000000000000000000e+00
5.000000000000000000e+00,5.000000000000000000e+00
5.000000000000000000e+00,5.000000000000000000e+00
5.000000000000000000e+00,5.000000000000000000e+00
5.000000000000000000e+00,5.000000000000000000e+00
5.000000000000000000e+00,5.000000000000000000e+00
5.000000000000000000e+00,5.000000000000000000e+00
5.000000000000000000e+00,5.000000000000000000e+00
5.000000000000000000e+00,5.000000000000000000e+00
5.000000000000000000e+00,5.000000000000000000e+00
5.000000000000000000e+00,5.000000000000000000e+00
5.000000000000000000e+00,5.000000000000000000e+00
-4.031507132075340394e+00,-3.635905323917783427e+00
-2.667477450118972193e+00,3.175654767699361614e+00
2.241228442009921551e-01,-1.727837141981947156e-01
2.043200189203012940e+00,4.162217552364577244e+00
1.832381962997074787e+00,-2.356854807637708049e+00
-1.904438841567562157e+00,-1.689363289145163982e+00
3.856231100293172176e+00,1.226463217005077766e+00
-2.220791899237548606e-01,2.276224806258415612e+00
4.510908542965152535e+00,-4.841266543639521025e+00
5.000000000000000000e+00,5.000000000000000000e+00
5.000000000000000000e+00,5.000000000000000000e+00
5.000000000000000000e+00,5.000000000000000000e+00
5.000000000000000000e+00,5.000000000000000000e+00
5.000000000000000000e+00,5.000000000000000000e+00
5.000000000000000000e+00,5.000000000000000000e+00
5.000000000000000000e+00,5.000000000000000000e+00
5.000000000000000000e+00,5.000000000000000000e+00
5.000000000000000000e+00,5.000000000000000000e+00
5.000000000000000000e+00,5.000000000000000000e+00
5.000000000000000000e+00,5.000000000000000000e+00
5.000000000000000000e+00,5.000000000000000000e+00
5.000000000000000000e+00,5.000000000000000000e+00
5.000000000000000000e+00,5.000000000000000000e+00
5.000000000000000000e+00,5.000000000000000000e+00
5.000000000000000000e+00,5.000000000000000000e+00
5.000000000000000000e+00,5.000000000000000000e+00
5.000000000000000000e+00,5.000000000000000000e+00
5.000000000000000000e+00,5.000000000000000000e+00
5.000000000000000000e+00,5.000000000000000000e+00
5.000000000000000000e+00,5.000000000000000000e+00
5.000000000000000000e+00,5.000000000000000000e+00
5.000000000000000000e+00,5.000000000000000000e+00
5.000000000000000000e+00,5.000000000000000000e+00
5.000000000000000000e+00,5.000000000000000000e+00
5.000000000000000000e+00,5.000000000000000000e+00
5.000000000000000000e+00,5.000000000000000000e+00
5.000000000000000000e+00,5.000000000000000000e+00
5.000000000000000000e+00,5.000000000000000000e+00
5.000000000000000000e+00,5.000000000000000000e+00
5.000000000000000000e+00,5.000000000000000000e+00
5.000000000000000000e+00,5.000000000000000000e+00
5.000000000000000000e+00,5.000000000000000000e+00
5.000000000000000000e+00,5.000000000000000000e+00
5.000000000000000000e+00,5.000000000000000000e+00
5.000000000000000000e+00,5.000000000000000000e+00
5.000000000000000000e+00,5.000000000000000000e+00
5.000000000000000000e+00,5.000000000000000000e+00
5.000000000000000000e+00,5.000000000000000000e+00
5.000000000000000000e+00,5.000000000000000000e+00
5.000000000000000000e+00,5.000000000000000000e+00
5.000000000000000000e+00,5.000000000000000000e+00
5.000000000000000000e+00,5.000000000000000000e+00
5.000000000000000000e+00,5.000000000000000000e+00
5.000000000000000000e+00,5.000000000000000000e+00
5.000000000000000000e+00,5.000000000000000000e+00
5.000000000000000000e+00,5.000000000000000000e+00
5.000000000000000000e+00,5.000000000000000000e+00
5.000000000000000000e+00,5.000000000000000000e+00
5.000000000000000000e+00,5.000000000000000000e+00
5.000000000000000000e+00,5.000000000000000000e+00
5.000000000000000000e+00,5.000000000000000000e+00
5.000000000000000000e+00,5.000000000000000000e+00
5.000000000000000000e+00,5.000000000000000000e+00
5.000000000000000000e+00,5.000000000000000000e+00
5.000000000000000000e+00,5.000000000000000000e+00
5.000000000000000000e+00,5.000000000000000000e+00
5.000000000000000000e+00,5.000000000000000000e+00
5.000000000000000000e+00,5.000000000000000000e+00
5.000000000000000000e+00,5.000000000000000000e+00
5.000000000000000000e+00,5.000000000000000000e+00
5.000000000000000000e+00,5.000000000000000000e+00
5.000000000000000000e+00,5.000000000000000000e+00
5.000000000000000000e+00,5.000000000000000000e+00
5.000000000000000000e+00,5.000000000000000000e+00
5.000000000000000000e+00,5.000000000000000000e+00
5.000000000000000000e+00,5.000000000000000000e+00
5.000000000000000000e+00,5.000000000000000000e+00
5.000000000000000000e+00,5.000000000000000000e+00
5.000000000000000000e+00,5.000000000000000000e+00
5.000000000000000000e+00,5.000000000000000000e+00
5.000000000000000000e+00,5.000000000000000000e+00
5.000000000000000000e+00,5.000000000000000000e+00
5.000000000000000000e+00,5.000000000000000000e+00
5.000000000000000000e+00,5.000000000000000000e+00
5.000000000000000000e+00,5.000000000000000000e+00
5.000000000000000000e+00,5.000000000000000000e+00
5.000000000000000000e+00,5.000000000000000000e+00
5.000000000000000000e+00,5.000000000000000000e+00
5.000000000000000000e+00,5.000000000000000000e+00
5.000000000000000000e+00,5.000000000000000000e+00
5.000000000000000000e+00,5.000000000000000000e+00
5.000000000000000000e+00,5.000000000000000000e+00
5.000000000000000000e+00,5.000000000000000000e+00
5.000000000000000000e+00,5.000000000000000000e+00
5.000000000000000000e+00,5.000000000000000000e+00
5.000000000000000000e+00,5.000000000000000000e+00
5.000000000000000000e+00,5.000000000000000000e+00
5.000000000000000000e+00,5.000000000000000000e+00
5.000000000000000000e+00,5.000000000000000000e+00
5.000000000000000000e+00,5.000000000000000000e+00
-4.068987937694159562e+00,9.627065082766570470e-01
3.879614196642224400e+00,-4.153633258967849073e+00
-4.579761228253005356e-01,-2.452387126993566646e+00
3.155197356088610405e-01,-4.017085334233261307e-02
-2.785940849200733815e+00,4.755598336578582774e+00
4.908977664079145597e+00,1.512694661694333753e+00
-3.482801223440325167e+00,-3.400020311525151051e+00
1.232117704660623758e+00,3.905154440203768118e+00
2.946692240703939092e+00,-1.227613161112661722e+00
5.000000000000000000e+00,5.000000000000000000e+00
5.000000000000000000e+00,5.000000000000000000e+00
5.000000000000000000e+00,5.000000000000000000e+00
5.000000000000000000e+00,5.000000000000000000e+00
5.000000000000000000e+00,5.000000000000000000e+00
5.000000000000000000e+00,5.000000000000000000e+00
5.000000000000000000e+00,5.000000000000000000e+00
5.000000000000000000e+00,5.000000000000000000e+00
5.000000000000000000e+00,5.000000000000000000e+00
5.000000000000000000e+00,5.000000000000000000e+00
5.000000000000000000e+00,5.000000000000000000e+00
5.000000000000000000e+00,5.000000000000000000e+00
5.000000000000000000e+00,5.000000000000000000e+00
5.000000000000000000e+00,5.000000000000000000e+00
5.000000000000000000e+00,5.000000000000000000e+00
5.000000000000000000e+00,5.000000000000000000e+00
5.000000000000000000e+00,5.000000000000000000e+00
5.000000000000000000e+00,5.000000000000000000e+00
5.000000000000000000e+00,5.000000000000000000e+00
5.000000000000000000e+00,5.000000000000000000e+00
5.000000000000000000e+00,5.000000000000000000e+00
5.000000000000000000e+00,5.000000000000000000e+00
5.000000000000000000e+00,5.000000000000000000e+00
5.000000000000000000e+00,5.000000000000000000e+00
5.000000000000000000e+00,5.000000000000000000e+00
5.000000000000000000e+00,5.000000000000000000e+00
5.000000000000000000e+00,5.000000000000000000e+00
5.000000000000000000e+00,5.000000000000000000e+00
5.000000000000000000e+00,5.000000000000000000e+00
5.000000000000000000e+00,5.000000000000000000e+00
5.000000000000000000e+00,5.000000000000000000e+00
5.000000000000000000e+00,5.000000000000000000e+00
5.000000000000000000e+00,5.000000000000000000e+00
5.000000000000000000e+00,5.000000000000000000e+00
5.000000000000000000e+00,5.000000000000000000e+00
5.000000000000000000e+00,5.000000000000000000e+00
5.000000000000000000e+00,5.000000000000000000e+00
5.000000000000000000e+00,5.000000000000000000e+00
5.000000000000000000e+00,5.000000000000000000e+00
5.000000000000000000e+00,5.000000000000000000e+00
5.000000000000000000e+00,5.000000000000000000e+00
5.000000000000000000e+00,5.000000000000000000e+00
5.000000000000000000e+00,5.000000000000000000e+00
5.000000000000000000e+00,5.000000000000000000e+00
5.000000000000000000e+00,5.000000000000000000e+00
5.000000000000000000e+00,5.000000000000000000e+00
5.000000000000000000e+00,5.000000000000000000e+00
5.000000000000000000e+00,5.000000000000000000e+00
5.000000000000000000e+00,5.000000000000000000e+00
5.000000000000000000e+00,5.000000000000000000e+00
5.000000000000000000e+00,5.000000000000000000e+00
5.000000000000000000e+00,5.000000000000000000e+00
5.000000000000000000e+00,5.000000000000000000e+00
5.000000000000000000e+00,5.000000000000000000e+00
5.000000000000000000e+00,5.000000000000000000e+00
5.000000000000000000e+00,5.000000000000000000e+00
5.000000000000000000e+00,5.000000000000000000e+00
5.000000000000000000e+00,5.000000000000000000e+00
5.000000000000000000e+00,5.000000000000000000e+00
5.000000000000000000e+00,5.000000000000000000e+00
5.000000000000000000e+00,5.000000000000000000e+00
5.000000000000000000e+00,5.000000000000000000e+00
5.000000000000000000e+00,5.000000000000000000e+00
5.000000000000000000e+00,5.000000000000000000e+00
5.000000000000000000e+00,5.000000000000000000e+00
5.000000000000000000e+00,5.000000000000000000e+00
5.000000000000000000e+00,5.000000000000000000e+00
5.000000000000000000e+00,5.000000000000000000e+00
5.000000000000000000e+00,5.000000000000000000e+00
5.000000000000000000e+00,5.000000000000000000e+00
5.000000000000000000e+00,5.000000000000000000e+00
5.000000000000000000e+00,5.000000000000000000e+00
5.000000000000000000e+00,5.000000000000000000e+00
5.000000000000000000e+00,5.000000000000000000e+00
5.000000000000000000e+00,5.000000000000000000e+00
5.000000000000000000e+00,5.000000000000000000e+00
5.000000000000000000e+00,5.000000000000000000e+00
5.000000000000000000e+00,5.000000000000000000e+00
5.000000000000000000e+00,5.000000000000000000e+00
5.000000000000000000e+00,5.000000000000000000e+00
5.000000000000000000e+00,5.000000000000000000e+00
5.000000000000000000e+00,5.000000000000000000e+00
5.000000000000000000e+00,5.000000000000000000e+00
5.000000000000000000e+00,5.000000000000000000e+00
5.000000000000000000e+00,5.000000000000000000e+00
5.000000000000000000e+00,5.000000000000000000e+00
5.000000000000000000e+00,5.000000000000000000e+00
5.000000000000000000e+00,5.000000000000000000e+00
5.000000000000000000e+00,5.000000000000000000e+00
5.000000000000000000e+00,5.000000000000000000e+00
5.000000000000000000e+00,5.000000000000000000e+00
-4.662586734631802621e+00,1.169095398663331231e+00
1.413476634617173211e+00,3.365821552705558162e+00
-1.797528201730596020e+00,-2.662130445335080253e-01
-1.958584644357062032e-01,-2.405892796010026480e+00
2.268602601655910433e+00,-3.487493059294046738e+00
-2.120302316348351646e+00,2.410853742112090359e+00
4.625249438664354784e+00,4.052991010637226665e+00
3.935170491811488702e+00,-1.447794494333737969e+00
-3.205723948740083262e+00,-4.973500381412830684e+00
5.000000000000000000e+00,5.000000000000000000e+00
5.000000000000000000e+00,5.000000000000000000e+00
5.000000000000000000e+00,5.000000000000000000e+00
5.000000000000000000e+00,5.000000000000000000e+00
5.000000000000000000e+00,5.000000000000000000e+00
5.000000000000000000e+00,5.000000000000000000e+00
5.000000000000000000e+00,5.000000000000000000e+00
5.000000000000000000e+00,5.000000000000000000e+00
5.000000000000000000e+00,5.000000000000000000e+00
5.000000000000000000e+00,5.000000000000000000e+00
5.000000000000000000e+00,5.000000000000000000e+00
5.000000000000000000e+00,5.000000000000000000e+00
5.000000000000000000e+00,5.000000000000000000e+00
5.000000000000000000e+00,5.000000000000000000e+00
5.000000000000000000e+00,5.000000000000000000e+00
5.000000000000000000e+00,5.000000000000000000e+00
5.000000000000000000e+00,5.000000000000000000e+00
5.000000000000000000e+00,5.000000000000000000e+00
5.000000000000000000e+00,5.000000000000000000e+00
5.000000000000000000e+00,5.000000000000000000e+00
5.000000000000000000e+00,5.000000000000000000e+00
5.000000000000000000e+00,5.000000000000000000e+00
5.000000000000000000e+00,5.000000000000000000e+00
5.000000000000000000e+00,5.000000000000000000e+00
5.000000000000000000e+00,5.000000000000000000e+00
5.000000000000000000e+00,5.000000000000000000e+00
5.000000000000000000e+00,5.000000000000000000e+00
5.000000000000000000e+00,5.000000000000000000e+00
5.000000000000000000e+00,5.000000000000000000e+00
5.000000000000000000e+00,5.000000000000000000e+00
5.000000000000000000e+00,5.000000000000000000e+00
5.000000000000000000e+00,5.000000000000000000e+00
5.000000000000000000e+00,5.000000000000000000e+00
5.000000000000000000e+00,5.000000000000000000e+00
5.000000000000000000e+00,5.000000000000000000e+00
5.000000000000000000e+00,5.000000000000000000e+00
5.000000000000000000e+00,5.000000000000000000e+00
5.000000000000000000e+00,5.000000000000000000e+00
5.000000000000000000e+00,5.000000000000000000e+00
5.000000000000000000e+00,5.000000000000000000e+00
5.000000000000000000e+00,5.000000000000000000e+00
5.000000000000000000e+00,5.000000000000000000e+00
5.000000000000000000e+00,5.000000000000000000e+00
5.000000000000000000e+00,5.000000000000000000e+00
5.000000000000000000e+00,5.000000000000000000e+00
5.000000000000000000e+00,5.000000000000000000e+00
5.000000000000000000e+00,5.000000000000000000e+00
5.000000000000000000e+00,5.000000000000000000e+00
5.000000000000000000e+00,5.000000000000000000e+00
5.000000000000000000e+00,5.000000000000000000e+00
5.000000000000000000e+00,5.000000000000000000e+00
5.000000000000000000e+00,5.000000000000000000e+00
5.000000000000000000e+00,5.000000000000000000e+00
5.000000000000000000e+00,5.000000000000000000e+00
5.000000000000000000e+00,5.000000000000000000e+00
5.000000000000000000e+00,5.000000000000000000e+00
5.000000000000000000e+00,5.000000000000000000e+00
5.000000000000000000e+00,5.000000000000000000e+00
5.000000000000000000e+00,5.000000000000000000e+00
5.000000000000000000e+00,5.000000000000000000e+00
5.000000000000000000e+00,5.000000000000000000e+00
5.000000000000000000e+00,5.000000000000000000e+00
5.000000000000000000e+00,5.000000000000000000e+00
5.000000000000000000e+00,5.000000000000000000e+00
5.000000000000000000e+00,5.000000000000000000e+00
5.000000000000000000e+00,5.000000000000000000e+00
5.000000000000000000e+00,5.000000000000000000e+00
5.000000000000000000e+00,5.000000000000000000e+00
5.000000000000000000e+00,5.000000000000000000e+00
5.000000000000000000e+00,5.000000000000000000e+00
5.000000000000000000e+00,5.000000000000000000e+00
5.000000000000000000e+00,5.000000000000000000e+00
5.000000000000000000e+00,5.000000000000000000e+00
5.000000000000000000e+00,5.000000000000000000e+00
5.000000000000000000e+00,5.000000000000000000e+00
5.000000000000000000e+00,5.000000000000000000e+00
5.000000000000000000e+00,5.000000000000000000e+00
5.000000000000000000e+00,5.000000000000000000e+00
5.000000000000000000e+00,5.000000000000000000e+00
5.000000000000000000e+00,5.000000000000000000e+00
5.000000000000000000e+00,5.000000000000000000e+00
5.000000000000000000e+00,5.000000000000000000e+00
5.000000000000000000e+00,5.000000000000000000e+00
5.000000000000000000e+00,5.000000000000000000e+00
5.000000000000000000e+00,5.000000000000000000e+00
5.000000000000000000e+00,5.000000000000000000e+00
5.000000000000000000e+00,5.000000000000000000e+00
5.000000000000000000e+00,5.000000000000000000e+00
5.000000000000000000e+00,5.000000000000000000e+00
5.000000000000000000e+00,5.000000000000000000e+00
5.000000000000000000e+00,5.000000000000000000e+00
-2.685451001748990763e-01,-2.157646326682379545e+00
4.482982045003447880e+00,-3.961163876787884952e+00
3.936022997777964605e+00,2.762419899205868390e+00
-4.613346267587520089e+00,9.424919706206527081e-01
-3.619111398800571422e+00,-1.928503586201586906e+00
-1.874350388547930457e+00,4.092121431785887609e+00
-2.163691564915724452e+00,1.375121942851178503e+00
1.019221970244280406e+00,3.563262674054081813e+00
7.360292946868565167e-01,-4.800884235757428620e+00
5.000000000000000000e+00,5.000000000000000000e+00
5.000000000000000000e+00,5.000000000000000000e+00
5.000000000000000000e+00,5.000000000000000000e+00
5.000000000000000000e+00,5.000000000000000000e+00
5.000000000000000000e+00,5.000000000000000000e+00
5.000000000000000000e+00,5.000000000000000000e+00
5.000000000000000000e+00,5.000000000000000000e+00
5.000000000000000000e+00,5.000000000000000000e+00
5.000000000000000000e+00,5.000000000000000000e+00
5.000000000000000000e+00,5.000000000000000000e+00
5.000000000000000000e+00,5.000000000000000000e+00
5.000000000000000000e+00,5.000000000000000000e+00
5.000000000000000000e+00,5.000000000000000000e+00
5.000000000000000000e+00,5.000000000000000000e+00
5.000000000000000000e+00,5.000000000000000000e+00
5.000000000000000000e+00,5.000000000000000000e+00
5.000000000000000000e+00,5.000000000000000000e+00
5.000000000000000000e+00,5.000000000000000000e+00
5.000000000000000000e+00,5.000000000000000000e+00
5.000000000000000000e+00,5.000000000000000000e+00
5.000000000000000000e+00,5.000000000000000000e+00
5.000000000000000000e+00,5.000000000000000000e+00
5.000000000000000000e+00,5.000000000000000000e+00
5.000000000000000000e+00,5.000000000000000000e+00
5.000000000000000000e+00,5.000000000000000000e+00
5.000000000000000000e+00,5.000000000000000000e+00
5.000000000000000000e+00,5.000000000000000000e+00
5.000000000000000000e+00,5.000000000000000000e+00
5.000000000000000000e+00,5.000000000000000000e+00
5.000000000000000000e+00,5.000000000000000000e+00
5.000000000000000000e+00,5.000000000000000000e+00
5.000000000000000000e+00,5.000000000000000000e+00
5.000000000000000000e+00,5.000000000000000000e+00
5.000000000000000000e+00,5.000000000000000000e+00
5.000000000000000000e+00,5.000000000000000000e+00
5.000000000000000000e+00,5.000000000000000000e+00
5.000000000000000000e+00,5.000000000000000000e+00
5.000000000000000000e+00,5.000000000000000000e+00
5.000000000000000000e+00,5.000000000000000000e+00
5.000000000000000000e+00,5.000000000000000000e+00
5.000000000000000000e+00,5.000000000000000000e+00
5.000000000000000000e+00,5.000000000000000000e+00
5.000000000000000000e+00,5.000000000000000000e+00
5.000000000000000000e+00,5.000000000000000000e+00
5.000000000000000000e+00,5.000000000000000000e+00
5.000000000000000000e+00,5.000000000000000000e+00
5.000000000000000000e+00,5.000000000000000000e+00
5.000000000000000000e+00,5.000000000000000000e+00
5.000000000000000000e+00,5.000000000000000000e+00
5.000000000000000000e+00,5.000000000000000000e+00
5.000000000000000000e+00,5.000000000000000000e+00
5.000000000000000000e+00,5.000000000000000000e+00
5.000000000000000000e+00,5.000000000000000000e+00
5.000000000000000000e+00,5.000000000000000000e+00
5.000000000000000000e+00,5.000000000000000000e+00
5.000000000000000000e+00,5.000000000000000000e+00
5.000000000000000000e+00,5.000000000000000000e+00
5.000000000000000000e+00,5.000000000000000000e+00
5.000000000000000000e+00,5.000000000000000000e+00
5.000000000000000000e+00,5.000000000000000000e+00
5.000000000000000000e+00,5.000000000000000000e+00
5.000000000000000000e+00,5.000000000000000000e+00
5.000000000000000000e+00,5.000000000000000000e+00
5.000000000000000000e+00,5.000000000000000000e+00
5.000000000000000000e+00,5.000000000000000000e+00
5.000000000000000000e+00,5.000000000000000000e+00
5.000000000000000000e+00,5.000000000000000000e+00
5.000000000000000000e+00,5.000000000000000000e+00
5.000000000000000000e+00,5.000000000000000000e+00
5.000000000000000000e+00,5.000000000000000000e+00
5.000000000000000000e+00,5.000000000000000000e+00
5.000000000000000000e+00,5.000000000000000000e+00
5.000000000000000000e+00,5.000000000000000000e+00
5.000000000000000000e+00,5.000000000000000000e+00
5.000000000000000000e+00,5.000000000000000000e+00
5.000000000000000000e+00,5.000000000000000000e+00
5.000000000000000000e+00,5.000000000000000000e+00
5.000000000000000000e+00,5.000000000000000000e+00
5.000000000000000000e+00,5.000000000000000000e+00
5.000000000000000000e+00,5.000000000000000000e+00
5.000000000000000000e+00,5.000000000000000000e+00
5.000000000000000000e+00,5.000000000000000000e+00
5.000000000000000000e+00,5.000000000000000000e+00
5.000000000000000000e+00,5.000000000000000000e+00
5.000000000000000000e+00,5.000000000000000000e+00
5.000000000000000000e+00,5.000000000000000000e+00
5.000000000000000000e+00,5.000000000000000000e+00
5.000000000000000000e+00,5.000000000000000000e+00
5.000000000000000000e+00,5.000000000000000000e+00
5.000000000000000000e+00,5.000000000000000000e+00
5.000000000000000000e+00,5.000000000000000000e+00
1.203332300119389409e+00,-4.912244732583372020e+00
4.818164330219429914e-01,1.442735786467115311e+00
3.529763412513101883e+00,4.901465782969182783e+00
-3.536075811499173938e+00,-3.758789635255680217e+00
-4.947156782434313449e+00,2.761994947015499413e+00
-1.408866901680909667e+00,3.368140862731179297e+00
-7.468369812364672455e-01,-2.182271051781881965e+00
4.993508280370798857e+00,-1.700095155038965355e+00
-2.816135981875583560e+00,5.952971753626314921e-01
5.000000000000000000e+00,5.000000000000000000e+00
5.000000000000000000e+00,5.000000000000000000e+00
5.000000000000000000e+00,5.000000000000000000e+00
5.000000000000000000e+00,5.000000000000000000e+00
5.000000000000000000e+00,5.000000000000000000e+00
5.000000000000000000e+00,5.000000000000000000e+00
5.000000000000000000e+00,5.000000000000000000e+00
5.000000000000000000e+00,5.000000000000000000e+00
5.000000000000000000e+00,5.000000000000000000e+00
5.000000000000000000e+00,5.000000000000000000e+00
5.000000000000000000e+00,5.000000000000000000e+00
5.000000000000000000e+00,5.000000000000000000e+00
5.000000000000000000e+00,5.000000000000000000e+00
5.000000000000000000e+00,5.000000000000000000e+00
5.000000000000000000e+00,5.000000000000000000e+00
5.000000000000000000e+00,5.000000000000000000e+00
5.000000000000000000e+00,5.000000000000000000e+00
5.000000000000000000e+00,5.000000000000000000e+00
5.000000000000000000e+00,5.000000000000000000e+00
5.000000000000000000e+00,5.000000000000000000e+00
5.000000000000000000e+00,5.000000000000000000e+00
5.000000000000000000e+00,5.000000000000000000e+00
5.000000000000000000e+00,5.000000000000000000e+00
5.000000000000000000e+00,5.000000000000000000e+00
5.000000000000000000e+00,5.000000000000000000e+00
5.000000000000000000e+00,5.000000000000000000e+00
5.000000000000000000e+00,5.000000000000000000e+00
5.000000000000000000e+00,5.000000000000000000e+00
5.000000000000000000e+00,5.000000000000000000e+00
5.000000000000000000e+00,5.000000000000000000e+00
5.000000000000000000e+00,5.000000000000000000e+00
5.000000000000000000e+00,5.000000000000000000e+00
5.000000000000000000e+00,5.000000000000000000e+00
5.000000000000000000e+00,5.000000000000000000e+00
5.000000000000000000e+00,5.000000000000000000e+00
5.000000000000000000e+00,5.000000000000000000e+00
5.000000000000000000e+00,5.000000000000000000e+00
5.000000000000000000e+00,5.000000000000000000e+00
5.000000000000000000e+00,5.000000000000000000e+00
5.000000000000000000e+00,5.000000000000000000e+00
5.000000000000000000e+00,5.000000000000000000e+00
5.000000000000000000e+00,5.000000000000000000e+00
5.000000000000000000e+00,5.000000000000000000e+00
5.000000000000000000e+00,5.000000000000000000e+00
5.000000000000000000e+00,5.000000000000000000e+00
5.000000000000000000e+00,5.000000000000000000e+00
5.000000000000000000e+00,5.000000000000000000e+00
5.000000000000000000e+00,5.000000000000000000e+00
5.000000000000000000e+00,5.000000000000000000e+00
5.000000000000000000e+00,5.000000000000000000e+00
5.000000000000000000e+00,5.000000000000000000e+00
5.000000000000000000e+00,5.000000000000000000e+00
5.000000000000000000e+00,5.000000000000000000e+00
5.000000000000000000e+00,5.000000000000000000e+00
5.000000000000000000e+00,5.000000000000000000e+00
5.000000000000000000e+00,5.000000000000000000e+00
5.000000000000000000e+00,5.000000000000000000e+00
5.000000000000000000e+00,5.000000000000000000e+00
5.000000000000000000e+00,5.000000000000000000e+00
5.000000000000000000e+00,5.000000000000000000e+00
5.000000000000000000e+00,5.000000000000000000e+00
5.000000000000000000e+00,5.000000000000000000e+00
5.000000000000000000e+00,5.000000000000000000e+00
5.000000000000000000e+00,5.000000000000000000e+00
5.000000000000000000e+00,5.000000000000000000e+00
5.000000000000000000e+00,5.000000000000000000e+00
5.000000000000000000e+00,5.000000000000000000e+00
5.000000000000000000e+00,5.000000000000000000e+00
5.000000000000000000e+00,5.000000000000000000e+00
5.000000000000000000e+00,5.000000000000000000e+00
5.000000000000000000e+00,5.000000000000000000e+00
5.000000000000000000e+00,5.000000000000000000e+00
5.000000000000000000e+00,5.000000000000000000e+00
5.000000000000000000e+00,5.000000000000000000e+00
5.000000000000000000e+00,5.000000000000000000e+00
5.000000000000000000e+00,5.000000000000000000e+00
5.000000000000000000e+00,5.000000000000000000e+00
5.000000000000000000e+00,5.000000000000000000e+00
5.000000000000000000e+00,5.000000000000000000e+00
5.000000000000000000e+00,5.000000000000000000e+00
5.000000000000000000e+00,5.000000000000000000e+00
5.000000000000000000e+00,5.000000000000000000e+00
5.000000000000000000e+00,5.000000000000000000e+00
5.000000000000000000e+00,5.000000000000000000e+00
5.000000000000000000e+00,5.000000000000000000e+00
5.000000000000000000e+00,5.000000000000000000e+00
5.000000000000000000e+00,5.000000000000000000e+00
5.000000000000000000e+00,5.000000000000000000e+00
5.000000000000000000e+00,5.000000000000000000e+00
5.000000000000000000e+00,5.000000000000000000e+00
5.000000000000000000e+00,5.000000000000000000e+00
-8.178564311326868008e-01,-4.862024450874149473e+00
-4.939359178682495966e+00,1.088884729516550465e-01
-3.248644550035207246e+00,-2.424100452131190409e+00
-2.261926760955782711e+00,4.966527332753059909e+00
3.684277168356125287e+00,-1.398823024828486083e+00
2.337481708031282857e+00,3.868599639548534697e+00
1.924760897621045963e+00,-3.354999411642327178e+00
-1.717158861872484898e+00,2.357355613903841629e+00
4.742263420354520420e+00,1.199541890621581786e+00
5.000000000000000000e+00,5.000000000000000000e+00
5.000000000000000000e+00,5.000000000000000000e+00
5.000000000000000000e+00,5.000000000000000000e+00
5.000000000000000000e+00,5.000000000000000000e+00
5.000000000000000000e+00,5.000000000000000000e+00
5.000000000000000000e+00,5.000000000000000000e+00
5.000000000000000000e+00,5.000000000000000000e+00
5.000000000000000000e+00,5.000000000000000000e+00
5.000000000000000000e+00,5.000000000000000000e+00
5.000000000000000000e+00,5.000000000000000000e+00
5.000000000000000000e+00,5.000000000000000000e+00
5.000000000000000000e+00,5.000000000000000000e+00
5.000000000000000000e+00,5.000000000000000000e+00
5.000000000000000000e+00,5.000000000000000000e+00
5.000000000000000000e+00,5.000000000000000000e+00
5.000000000000000000e+00,5.000000000000000000e+00
5.000000000000000000e+00,5.000000000000000000e+00
5.000000000000000000e+00,5.000000000000000000e+00
5.000000000000000000e+00,5.000000000000000000e+00
5.000000000000000000e+00,5.000000000000000000e+00
5.000000000000000000e+00,5.000000000000000000e+00
5.000000000000000000e+00,5.000000000000000000e+00
5.000000000000000000e+00,5.000000000000000000e+00
5.000000000000000000e+00,5.000000000000000000e+00
5.000000000000000000e+00,5.000000000000000000e+00
5.000000000000000000e+00,5.000000000000000000e+00
5.000000000000000000e+00,5.000000000000000000e+00
5.000000000000000000e+00,5.000000000000000000e+00
5.000000000000000000e+00,5.000000000000000000e+00
5.000000000000000000e+00,5.000000000000000000e+00
5.000000000000000000e+00,5.000000000000000000e+00
5.000000000000000000e+00,5.000000000000000000e+00
5.000000000000000000e+00,5.000000000000000000e+00
5.000000000000000000e+00,5.000000000000000000e+00
5.000000000000000000e+00,5.000000000000000000e+00
5.000000000000000000e+00,5.000000000000000000e+00
5.000000000000000000e+00,5.000000000000000000e+00
5.000000000000000000e+00,5.000000000000000000e+00
5.000000000000000000e+00,5.000000000000000000e+00
5.000000000000000000e+00,5.000000000000000000e+00
5.000000000000000000e+00,5.000000000000000000e+00
5.000000000000000000e+00,5.000000000000000000e+00
5.000000000000000000e+00,5.000000000000000000e+00
5.000000000000000000e+00,5.000000000000000000e+00
5.000000000000000000e+00,5.000000000000000000e+00
5.000000000000000000e+00,5.000000000000000000e+00
5.000000000000000000e+00,5.000000000000000000e+00
5.000000000000000000e+00,5.000000000000000000e+00
5.000000000000000000e+00,5.000000000000000000e+00
5.000000000000000000e+00,5.000000000000000000e+00
5.000000000000000000e+00,5.000000000000000000e+00
5.000000000000000000e+00,5.000000000000000000e+00
5.000000000000000000e+00,5.000000000000000000e+00
5.000000000000000000e+00,5.000000000000000000e+00
5.000000000000000000e+00,5.000000000000000000e+00
5.000000000000000000e+00,5.000000000000000000e+00
5.000000000000000000e+00,5.000000000000000000e+00
5.000000000000000000e+00,5.000000000000000000e+00
5.000000000000000000e+00,5.000000000000000000e+00
5.000000000000000000e+00,5.000000000000000000e+00
5.000000000000000000e+00,5.000000000000000000e+00
5.000000000000000000e+00,5.000000000000000000e+00
5.000000000000000000e+00,5.000000000000000000e+00
5.000000000000000000e+00,5.000000000000000000e+00
5.000000000000000000e+00,5.000000000000000000e+00
5.000000000000000000e+00,5.000000000000000000e+00
5.000000000000000000e+00,5.000000000000000000e+00
5.000000000000000000e+00,5.000000000000000000e+00
5.000000000000000000e+00,5.000000000000000000e+00
5.000000000000000000e+00,5.000000000000000000e+00
5.000000000000000000e+00,5.000000000000000000e+00
5.000000000000000000e+00,5.000000000000000000e+00
5.000000000000000000e+00,5.000000000000000000e+00
5.000000000000000000e+00,5.000000000000000000e+00
5.000000000000000000e+00,5.000000000000000000e+00
5.000000000000000000e+00,5.000000000000000000e+00
5.000000000000000000e+00,5.000000000000000000e+00
5.000000000000000000e+00,5.000000000000000000e+00
5.000000000000000000e+00,5.000000000000000000e+00
5.000000000000000000e+00,5.000000000000000000e+00
5.000000000000000000e+00,5.000000000000000000e+00
5.000000000000000000e+00,5.000000000000000000e+00
5.000000000000000000e+00,5.000000000000000000e+00
5.000000000000000000e+00,5.000000000000000000e+00
5.000000000000000000e+00,5.000000000000000000e+00
5.000000000000000000e+00,5.000000000000000000e+00
5.000000000000000000e+00,5.000000000000000000e+00
5.000000000000000000e+00,5.000000000000000000e+00
5.000000000000000000e+00,5.000000000000000000e+00
5.000000000000000000e+00,5.000000000000000000e+00
5.000000000000000000e+00,5.000000000000000000e+00
1.002464434948089789e+00,4.928518372040720408e+00
7.809894922388735949e-01,2.233901958285679612e+00
-3.808190792861717355e+00,-1.887716512482942033e+00
-2.706863889299135906e-01,-2.601486618801764905e-01
-2.112102858118095838e+00,3.939824822971703000e+00
4.921581524342409253e+00,-2.008858645933862874e+00
3.506372011921946807e+00,1.243223440576649352e+00
-1.150844980493380909e+00,-3.150413094235124500e+00
-4.875991231152306149e+00,5.239030623414002719e-01
5.000000000000000000e+00,5.000000000000000000e+00
5.000000000000000000e+00,5.000000000000000000e+00
5.000000000000000000e+00,5.000000000000000000e+00
5.000000000000000000e+00,5.000000000000000000e+00
5.000000000000000000e+00,5.000000000000000000e+00
5.000000000000000000e+00,5.000000000000000000e+00
5.000000000000000000e+00,5.000000000000000000e+00
5.000000000000000000e+00,5.000000000000000000e+00
5.000000000000000000e+00,5.000000000000000000e+00
5.000000000000000000e+00,5.000000000000000000e+00
5.000000000000000000e+00,5.000000000000000000e+00
5.000000000000000000e+00,5.000000000000000000e+00
5.000000000000000000e+00,5.000000000000000000e+00
5.000000000000000000e+00,5.000000000000000000e+00
5.000000000000000000e+00,5.000000000000000000e+00
5.000000000000000000e+00,5.000000000000000000e+00
5.000000000000000000e+00,5.000000000000000000e+00
5.000000000000000000e+00,5.000000000000000000e+00
5.000000000000000000e+00,5.000000000000000000e+00
5.000000000000000000e+00,5.000000000000000000e+00
5.000000000000000000e+00,5.000000000000000000e+00
5.000000000000000000e+00,5.000000000000000000e+00
5.000000000000000000e+00,5.000000000000000000e+00
5.000000000000000000e+00,5.000000000000000000e+00
5.000000000000000000e+00,5.000000000000000000e+00
5.000000000000000000e+00,5.000000000000000000e+00
5.000000000000000000e+00,5.000000000000000000e+00
5.000000000000000000e+00,5.000000000000000000e+00
5.000000000000000000e+00,5.000000000000000000e+00
5.000000000000000000e+00,5.000000000000000000e+00
5.000000000000000000e+00,5.000000000000000000e+00
5.000000000000000000e+00,5.000000000000000000e+00
5.000000000000000000e+00,5.000000000000000000e+00
5.000000000000000000e+00,5.000000000000000000e+00
5.000000000000000000e+00,5.000000000000000000e+00
5.000000000000000000e+00,5.000000000000000000e+00
5.000000000000000000e+00,5.000000000000000000e+00
5.000000000000000000e+00,5.000000000000000000e+00
5.000000000000000000e+00,5.000000000000000000e+00
5.000000000000000000e+00,5.000000000000000000e+00
5.000000000000000000e+00,5.000000000000000000e+00
5.000000000000000000e+00,5.000000000000000000e+00
5.000000000000000000e+00,5.000000000000000000e+00
5.000000000000000000e+00,5.000000000000000000e+00
5.000000000000000000e+00,5.000000000000000000e+00
5.000000000000000000e+00,5.000000000000000000e+00
5.000000000000000000e+00,5.000000000000000000e+00
5.000000000000000000e+00,5.000000000000000000e+00
5.000000000000000000e+00,5.000000000000000000e+00
5.000000000000000000e+00,5.000000000000000000e+00
5.000000000000000000e+00,5.000000000000000000e+00
5.000000000000000000e+00,5.000000000000000000e+00
5.000000000000000000e+00,5.000000000000000000e+00
5.000000000000000000e+00,5.000000000000000000e+00
5.000000000000000000e+00,5.000000000000000000e+00
5.000000000000000000e+00,5.000000000000000000e+00
5.000000000000000000e+00,5.000000000000000000e+00
5.000000000000000000e+00,5.000000000000000000e+00
5.000000000000000000e+00,5.000000000000000000e+00
5.000000000000000000e+00,5.000000000000000000e+00
5.000000000000000000e+00,5.000000000000000000e+00
5.000000000000000000e+00,5.000000000000000000e+00
5.000000000000000000e+00,5.000000000000000000e+00
5.000000000000000000e+00,5.000000000000000000e+00
5.000000000000000000e+00,5.000000000000000000e+00
5.000000000000000000e+00,5.000000000000000000e+00
5.000000000000000000e+00,5.000000000000000000e+00
5.000000000000000000e+00,5.000000000000000000e+00
5.000000000000000000e+00,5.000000000000000000e+00
5.000000000000000000e+00,5.000000000000000000e+00
5.000000000000000000e+00,5.000000000000000000e+00
5.000000000000000000e+00,5.000000000000000000e+00
5.000000000000000000e+00,5.000000000000000000e+00
5.000000000000000000e+00,5.000000000000000000e+00
5.000000000000000000e+00,5.000000000000000000e+00
5.000000000000000000e+00,5.000000000000000000e+00
5.000000000000000000e+00,5.000000000000000000e+00
5.000000000000000000e+00,5.000000000000000000e+00
5.000000000000000000e+00,5.000000000000000000e+00
5.000000000000000000e+00,5.000000000000000000e+00
5.000000000000000000e+00,5.000000000000000000e+00
5.000000000000000000e+00,5.000000000000000000e+00
5.000000000000000000e+00,5.000000000000000000e+00
5.000000000000000000e+00,5.000000000000000000e+00
5.000000000000000000e+00,5.000000000000000000e+00
5.000000000000000000e+00,5.000000000000000000e+00
5.000000000000000000e+00,5.000000000000000000e+00
5.000000000000000000e+00,5.000000000000000000e+00
5.000000000000000000e+00,5.000000000000000000e+00
5.000000000000000000e+00,5.000000000000000000e+00
5.000000000000000000e+00,5.000000000000000000e+00
